0.00
1.00
9.70
0.00
5.00
8.00
9.00
0.00
7.20
4.50
2.20
2.00
1.60
3.00
0.00
0.00
0.00
0.00
1.30
1.20
2.80
0.00
0.00
0.00
0.60
5.00
0.00
1.30
11.20
10.40
5.90
0.00
0.00
0.40
5.20
4.00
0.00
0.00
0.00
1.40
3.50
1.40
2.20
8.40
15.20
2.80
6.40
18.50
6.00
5.00
0.00
0.00
0.00
0.00
1.40
3.70
4.00
0.00
2.40
1.00
2.40
1.20
5.30
0.60
4.20
0.00
2.00
0.70
0.00
2.30
2.10
2.40
4.80
10.20
3.00
8.40
13.80
5.60
1.30
0.00
4.30
2.70
0.00
6.40
0.00
4.80
5.90
9.60
8.40
3.90
3.80
5.70
3.00
0.00
8.20
4.80
0.00
0.00
0.00
0.00
0.00
0.00
0.00
0.00
0.00
7.50
0.00
21.70
2.40
8.10
2.30
0.00
0.00
0.00
0.00
0.00
0.00
0.00
1.80
14.30
3.50
2.20
0.00
0.00
0.00
0.00
0.00
0.00
0.00
0.00
0.00
0.00
0.00
0.00
0.00
0.00
0.00
0.00
0.00
0.00
0.00
0.00
0.00
0.00
0.00
0.00
0.00
0.00
0.00
0.00
0.00
0.00
0.00
3.60
0.00
0.00
0.00
0.00
0.00
0.00
0.00
0.00
0.00
0.00
0.00
0.00
0.00
0.00
0.00
0.00
0.00
0.00
0.00
0.00
0.00
0.00
0.00
0.00
0.00
0.00
0.00
0.00
0.00
0.00
0.00
0.00
0.00
0.00
0.00
0.00
0.00
0.00
0.00
0.00
0.00
0.00
0.00
0.00
0.00
0.00
0.00
0.00
0.00
0.00
0.00
0.00
0.00
0.00
0.00
0.00
0.00
0.00
0.00
0.00
0.00
0.00
0.00
0.00
0.00
0.00
0.00
0.00
0.00
0.00
0.00
0.00
0.00
0.00
0.00
0.00
0.00
0.00
0.00
0.00
0.00
0.00
0.00
0.00
0.00
0.00
0.00
0.00
0.00
0.00
0.00
12.70
0.00
0.00
0.00
0.00
0.00
0.00
0.00
0.00
0.00
0.00
0.00
0.00
5.00
5.60
12.80
4.80
1.40
0.00
0.00
0.00
0.00
0.00
0.00
0.00
0.00
0.00
0.00
0.00
0.00
17.00
0.40
15.60
1.40
0.00
0.00
1.60
6.20
1.40
0.00
1.20
11.60
2.60
1.40
0.00
0.00
0.00
0.00
0.00
4.80
0.00
0.00
0.00
0.00
0.00
0.00
0.00
7.00
0.00
0.00
9.50
0.00
0.00
0.00
0.00
0.00
2.50
5.70
18.70
0.00
0.00
2.20
13.70
0.00
0.00
0.00
0.00
0.00
0.00
0.00
0.00
0.00
0.00
0.00
0.00
0.00
0.00
0.00
0.00
0.00
0.00
0.00
0.00
0.00
0.00
0.00
0.00
0.00
0.80
0.00
0.00
0.00
1.60
13.80
1.00
0.00
0.00
0.00
0.00
2.00
0.00
0.00
0.00
0.00
0.00
8.20
1.50
0.00
0.00
4.20
16.50
0.00
0.00
4.50
8.90
0.00
0.00
9.40
0.00
0.00
0.00
12.40
0.00
7.00
7.60
8.30
3.80
0.00
14.50
0.00
0.00
7.10
4.50
6.00
24.60
5.80
7.40
19.90
4.80
4.80
10.00
0.50
1.20
4.20
0.00
1.00
2.40
7.00
1.50
9.80
27.70
13.20
0.00
0.00
4.90
0.00
3.80
9.20
0.00
0.00
0.00
1.20
0.00
0.60
1.80
4.20
5.20
0.00
0.00
2.80
6.20
0.00
0.00
0.00
1.00
2.50
11.20
0.00
0.00
10.20
7.20
7.20
1.60
1.80
0.00
0.00
0.00
9.20
5.10
0.40
0.00
0.00
1.50
2.90
0.00
0.00
0.00
0.00
0.00
0.00
0.00
0.00
0.00
0.00
0.00
0.00
0.00
0.00
0.30
0.20
0.00
0.00
0.00
0.00
0.00
0.00
1.80
0.00
0.00
0.00
0.00
0.00
0.60
0.00
0.00
0.00
0.00
0.00
0.00
0.00
0.00
0.00
0.00
0.00
11.80
0.00
3.40
0.00
0.00
0.00
0.00
0.00
0.40
0.00
0.00
0.00
0.00
0.00
0.00
0.00
0.00
0.00
0.00
0.00
0.00
0.00
0.00
0.00
0.00
0.00
0.00
0.00
0.00
0.00
0.00
0.00
0.00
0.00
3.80
8.80
3.00
0.00
0.00
0.00
0.00
0.00
0.00
0.00
0.00
0.00
0.00
0.00
0.00
0.00
0.00
0.00
0.00
0.00
0.00
0.00
0.00
0.00
0.00
0.00
0.00
0.00
0.00
0.00
0.00
0.00
0.00
0.00
0.00
0.00
0.00
0.00
0.00
0.00
0.00
0.00
0.00
0.00
0.00
0.00
0.00
0.00
0.00
0.00
1.60
0.00
0.00
0.00
0.00
0.00
0.00
0.00
0.00
0.00
0.00
0.60
0.00
0.00
1.20
0.00
9.80
10.20
0.00
0.00
0.00
0.00
0.00
0.00
2.20
3.50
0.00
0.00
0.00
0.00
0.00
0.00
0.00
0.00
0.00
0.00
0.00
0.00
0.00
0.00
0.00
0.00
0.00
0.00
0.00
0.00
0.00
0.00
0.00
0.00
0.00
0.00
0.00
0.00
5.20
0.00
0.00
1.20
0.00
0.00
0.00
0.00
0.00
0.00
0.00
0.00
0.00
0.00
0.00
0.00
0.00
0.00
0.00
22.60
2.60
7.20
8.80
3.60
2.60
9.00
11.00
0.00
1.00
0.00
2.60
0.00
7.80
4.90
0.00
2.60
0.00
4.00
0.00
0.00
20.00
1.60
0.00
0.00
1.00
0.00
0.00
0.00
0.00
0.00
0.00
0.00
0.00
0.00
0.00
0.00
0.00
0.00
0.00
0.00
0.00
0.00
0.00
0.00
0.00
0.00
0.00
6.00
0.00
0.00
0.00
2.00
2.40
1.60
0.00
0.00
2.50
10.00
0.00
0.00
11.20
1.20
9.60
0.00
0.00
0.00
0.00
0.00
3.20
1.10
0.00
0.00
0.00
0.00
10.60
1.00
2.60
3.20
4.20
1.40
8.20
12.20
4.00
2.10
1.50
0.00
6.00
9.80
2.80
10.00
14.60
15.40
4.60
9.00
11.20
11.20
10.80
1.00
32.00
13.20
5.20
1.20
2.60
6.40
8.20
7.00
0.00
6.20
6.80
2.20
2.60
0.00
5.50
0.00
3.00
0.60
8.80
11.80
0.00
1.00
0.00
0.00
0.00
1.50
26.40
31.00
15.00
16.00
5.60
0.80
4.80
12.40
15.20
4.80
5.40
0.00
19.00
0.00
4.60
1.60
7.50
7.40
8.20
1.20
2.60
3.60
0.00
3.00
5.60
16.40
2.60
6.10
11.60
5.30
11.60
0.00
10.80
18.00
0.00
0.00
1.00
6.00
4.20
17.40
0.00
0.00
1.40
0.00
0.00
0.00
1.00
0.00
0.00
0.00
0.00
0.00
0.00
0.00
0.60
0.00
15.60
0.00
33.60
3.00
0.00
0.00
0.00
0.00
0.00
0.00
0.00
0.00
0.00
0.00
0.00
0.00
0.00
0.00
0.00
3.10
2.00
0.00
0.00
0.00
0.00
0.00
0.00
0.00
2.60
0.00
0.00
0.00
0.00
0.00
0.00
3.00
10.20
9.60
0.00
0.00
1.60
0.00
0.00
0.00
0.00
0.00
0.00
0.00
0.00
0.00
0.00
0.00
0.00
0.00
0.00
0.00
0.00
0.00
0.00
0.00
0.00
0.00
0.00
0.00
0.00
0.00
0.00
0.00
0.00
0.00
0.00
0.00
0.00
0.00
0.00
0.00
3.20
0.00
0.00
0.00
0.00
0.00
0.00
0.00
0.00
0.00
0.00
0.00
0.00
2.40
0.00
1.80
0.00
0.00
0.00
0.00
0.00
0.00
0.00
0.00
0.00
0.00
0.00
0.00
0.00
0.00
0.00
0.00
0.00
0.00
0.00
5.00
0.00
0.00
0.00
0.00
0.00
0.00
0.00
0.00
0.00
0.00
0.00
0.00
0.00
0.00
0.00
0.00
0.00
0.00
0.00
3.20
3.00
0.00
2.40
0.00
0.00
0.00
0.00
0.00
0.00
0.00
0.00
0.00
0.00
0.00
0.40
0.00
4.00
0.00
2.00
0.00
0.00
0.00
0.00
0.00
0.00
0.00
0.00
0.00
0.00
0.00
0.00
0.00
0.00
0.00
0.00
2.00
0.60
0.00
0.00
0.00
0.00
0.00
1.00
0.00
0.00
0.00
0.00
1.20
0.00
5.00
15.60
0.00
0.00
0.00
0.00
5.20
3.40
0.00
8.10
0.00
0.00
0.00
0.00
0.00
0.00
0.00
0.00
0.00
0.00
0.00
0.00
3.60
0.00
0.00
24.00
9.60
6.50
0.00
0.00
0.00
3.00
2.40
0.00
0.00
12.20
2.10
0.00
0.00
0.00
0.00
0.00
2.00
0.00
0.00
0.00
0.00
0.00
0.00
0.00
0.00
2.20
0.00
10.20
4.60
0.00
0.00
0.00
0.00
0.00
0.00
0.00
18.00
1.50
1.20
0.00
0.00
0.00
0.00
0.00
0.00
0.00
20.20
26.20
9.00
1.20
4.00
0.00
0.00
6.40
21.00
0.00
0.00
0.00
0.00
23.00
0.00
0.00
1.40
9.00
0.00
0.00
0.00
0.00
0.00
0.00
0.00
0.00
0.00
2.00
0.00
1.40
9.40
1.20
3.00
4.80
23.40
4.00
8.40
6.40
2.60
1.40
0.00
0.00
4.00
1.60
6.40
0.00
0.00
14.20
3.40
7.90
5.60
19.60
15.60
13.40
1.00
0.00
0.00
1.60
0.00
2.20
8.50
1.00
1.00
1.00
0.00
16.20
3.80
24.00
0.00
1.00
35.60
15.00
0.00
7.20
0.00
1.00
17.90
0.00
3.60
0.00
0.00
3.60
0.00
0.00
8.20
1.20
4.40
4.60
0.00
1.00
4.20
0.00
0.00
0.00
7.40
4.60
0.00
0.00
0.00
0.00
0.00
0.00
15.00
0.00
0.00
15.00
0.00
0.00
15.30
0.00
0.00
0.00
0.00
0.00
0.00
0.00
2.00
1.20
1.20
5.40
0.00
0.00
0.00
0.00
4.60
5.00
10.80
18.80
2.60
1.00
2.40
0.00
0.00
0.00
0.00
0.00
0.00
0.00
3.50
2.40
9.40
0.00
0.00
0.00
0.00
22.40
0.00
2.10
0.00
0.00
0.00
0.00
8.00
0.00
0.00
0.00
0.00
0.00
0.00
0.00
0.00
0.00
0.00
0.00
0.00
0.00
0.00
0.00
0.00
0.00
0.00
0.00
0.00
0.00
0.00
0.00
0.00
0.00
0.00
0.00
0.00
0.00
0.00
0.00
0.00
0.00
0.00
0.00
0.00
0.00
0.00
0.00
0.00
0.00
0.00
6.50
0.00
0.00
0.00
0.00
0.00
0.00
0.00
0.00
0.00
6.00
5.60
5.20
0.00
0.00
2.20
0.00
1.00
0.00
0.00
0.00
0.00
0.00
0.00
0.00
0.00
0.00
0.00
2.60
1.00
0.00
0.00
0.00
0.00
1.00
0.00
0.00
0.00
0.00
0.00
0.00
8.00
0.00
0.00
0.00
0.00
0.00
0.00
0.00
1.80
0.00
0.00
0.00
0.00
0.00
0.00
7.00
0.00
0.00
0.00
0.00
0.00
0.00
2.60
1.40
1.60
0.00
0.00
0.00
0.00
0.00
0.00
0.00
9.20
4.00
1.50
0.00
0.00
0.00
0.00
0.00
0.00
0.00
0.00
0.00
0.00
0.00
0.00
0.00
0.00
0.00
0.00
0.00
0.00
6.60
0.00
0.00
14.20
0.00
0.00
0.00
30.00
4.50
4.00
0.00
0.00
0.00
0.00
7.00
0.50
0.00
0.00
30.60
0.00
3.00
0.00
0.00
3.50
4.20
3.00
2.40
3.20
0.00
2.40
0.00
0.00
1.20
0.00
0.00
0.00
0.00
0.00
0.00
0.00
4.20
0.00
0.00
0.00
0.00
1.40
0.00
0.00
0.00
10.50
4.20
0.00
5.40
0.00
3.40
0.00
8.40
3.50
0.00
0.00
12.00
6.50
6.00
7.40
24.20
9.50
0.00
3.00
0.00
0.00
0.00
0.00
0.00
0.00
0.00
0.00
0.00
1.80
3.00
14.00
0.00
5.40
7.00
0.00
4.00
1.00
0.00
0.00
0.00
5.00
5.20
4.30
15.60
5.00
0.00
0.00
0.00
1.40
0.00
0.00
0.00
9.00
9.00
0.00
0.00
0.00
5.40
2.60
5.20
19.60
11.20
8.20
16.00
2.00
0.00
5.00
4.40
7.60
22.00
1.00
6.40
12.40
10.20
0.00
0.00
0.00
0.00
0.00
0.00
0.00
6.40
0.00
6.60
0.70
0.60
3.00
0.00
0.00
3.20
0.00
3.00
1.60
8.20
2.00
6.50
0.00
31.00
0.00
0.40
6.00
3.40
5.70
3.00
7.50
40.00
0.60
6.00
2.00
0.00
4.00
0.00
6.00
0.00
1.60
1.80
0.00
3.00
19.50
0.00
1.00
7.20
0.50
0.00
0.00
11.60
4.00
0.00
0.00
5.20
6.40
3.20
6.00
0.00
1.00
6.00
2.40
0.00
6.00
1.60
0.00
0.00
5.00
0.00
0.00
0.00
0.00
3.20
0.00
0.00
0.00
0.00
0.00
0.00
1.50
11.00
0.00
0.00
0.00
0.00
0.00
0.00
0.00
0.00
0.00
0.00
0.00
0.00
0.00
0.00
0.00
0.00
0.00
0.00
0.00
0.00
0.00
0.00
0.00
6.80
1.00
0.00
0.00
0.00
0.00
0.00
0.00
0.00
0.00
0.00
0.00
0.00
0.00
0.00
0.00
0.00
0.00
0.00
0.00
0.00
0.00
0.00
0.00
0.00
0.00
0.00
0.00
0.00
0.00
0.00
0.00
0.00
11.40
0.00
0.00
0.00
0.00
0.00
0.00
0.00
0.00
0.00
0.00
0.00
0.00
0.00
0.00
0.00
0.00
0.00
0.00
0.00
0.00
0.00
0.00
0.00
0.00
0.00
0.00
0.00
0.00
0.00
0.00
0.00
0.00
0.00
0.00
0.00
0.00
0.00
0.00
0.00
0.00
0.00
0.00
0.00
0.00
0.00
0.00
0.00
0.00
0.00
1.00
2.50
0.00
0.00
0.00
0.00
0.00
0.00
0.00
0.00
0.00
0.00
0.00
0.00
0.00
0.00
0.00
0.00
0.00
0.00
0.00
0.00
0.00
0.00
0.00
0.00
0.00
0.00
0.00
0.00
0.00
0.00
0.00
1.60
3.60
0.00
0.00
0.00
0.00
0.00
0.00
0.00
0.00
0.00
0.00
0.00
13.00
1.00
0.00
0.00
0.00
0.00
0.00
0.00
0.00
3.40
1.00
0.00
0.00
0.00
0.00
0.00
0.00
0.00
0.00
1.00
0.00
0.00
0.00
0.00
0.00
0.00
0.00
0.00
0.00
0.00
3.00
0.00
2.00
0.00
3.00
0.00
5.00
1.00
0.00
2.20
9.20
6.00
0.00
0.00
0.00
0.00
0.00
6.20
0.00
0.00
0.00
33.20
0.00
0.00
0.00
0.00
0.00
0.00
0.00
0.00
0.00
0.00
0.00
0.00
0.00
3.00
0.00
0.00
0.00
4.00
0.00
0.00
0.00
0.00
0.00
0.00
0.00
2.00
0.00
0.00
3.40
4.00
3.00
0.50
3.20
2.00
0.00
0.00
2.20
2.50
0.00
17.80
8.20
3.70
2.60
0.00
0.50
4.00
11.00
0.00
4.00
10.20
3.00
11.40
1.60
9.70
0.00
0.00
21.40
25.00
3.60
4.40
0.00
20.00
12.00
14.50
7.60
18.00
21.20
9.00
11.00
4.20
5.00
1.00
0.00
1.20
0.00
0.00
0.00
0.00
0.00
0.00
0.00
6.20
12.00
14.90
4.00
9.20
8.40
35.40
3.50
7.40
3.60
3.00
2.20
0.00
0.00
0.00
3.60
27.80
3.20
0.00
0.00
0.00
0.00
0.00
0.00
0.00
0.00
0.00
0.00
0.00
1.00
0.00
0.00
0.00
7.00
10.20
4.20
0.00
0.00
0.00
0.00
0.00
0.00
5.40
0.00
0.00
0.00
0.00
6.00
2.80
40.80
20.00
0.00
0.00
24.40
0.00
0.00
3.60
0.00
5.40
0.00
0.00
0.00
0.00
0.00
0.00
7.40
0.00
0.00
0.00
0.00
0.00
0.00
0.00
0.00
9.80
6.20
0.00
1.00
0.00
0.00
0.00
0.00
3.40
0.00
0.00
0.00
1.40
1.00
1.00
5.00
0.00
1.40
0.00
0.00
0.00
1.00
0.00
0.00
0.00
0.00
0.00
0.00
0.00
0.00
0.00
0.00
0.00
0.00
0.00
0.00
0.00
0.00
0.00
0.00
0.00
0.00
0.00
0.00
0.00
0.00
0.00
0.00
0.00
0.00
0.00
0.00
0.00
0.00
0.00
0.00
0.20
0.00
0.00
1.00
0.00
0.00
0.00
0.00
0.00
0.00
0.00
0.00
3.00
0.00
0.00
0.00
0.00
1.40
0.00
3.00
1.20
3.20
0.40
0.00
0.00
0.00
0.00
0.00
0.00
0.00
0.00
0.00
0.00
0.00
0.00
0.00
0.00
0.00
0.00
0.00
0.00
0.00
0.00
0.00
0.00
0.00
0.00
0.00
0.00
0.00
0.00
0.00
0.00
0.00
0.00
0.00
0.00
1.00
0.00
0.00
0.00
0.00
0.00
0.00
0.00
0.00
0.00
2.00
0.00
0.00
0.00
0.00
1.50
10.40
0.00
0.00
0.00
0.00
2.20
0.00
0.00
0.00
0.00
0.00
0.00
0.00
0.00
1.00
6.00
14.00
0.00
0.00
0.00
0.00
0.00
3.00
0.00
0.00
0.00
0.00
0.00
0.00
0.00
0.00
0.00
0.00
0.00
11.00
0.00
6.40
2.40
0.00
0.00
0.00
0.00
0.00
0.00
0.00
0.00
4.60
0.00
1.00
0.00
0.00
0.00
0.00
0.00
0.00
0.00
0.00
0.00
0.00
0.00
0.00
0.00
0.00
0.00
0.00
0.00
0.00
0.00
0.00
2.00
0.00
0.00
0.00
0.00
20.20
9.00
0.00
0.00
0.00
0.00
0.00
1.00
0.00
0.00
8.00
5.00
2.20
0.00
2.60
1.40
0.00
0.00
0.00
4.80
0.00
1.40
0.00
0.00
0.00
0.00
0.00
0.00
0.00
0.00
0.00
0.00
2.00
0.00
3.40
0.00
0.00
3.00
5.00
3.50
15.00
0.00
1.50
4.20
0.00
0.00
0.00
0.00
0.00
0.00
0.00
12.00
0.00
0.00
9.80
11.20
3.00
6.40
2.00
0.00
0.00
0.00
7.20
7.40
19.00
14.20
5.80
1.60
5.40
5.00
0.00
4.60
1.40
0.00
0.00
7.00
0.00
0.00
0.00
0.00
0.00
0.00
0.00
0.00
0.00
0.00
0.00
6.60
5.00
0.00
0.00
17.40
5.60
4.00
6.00
8.00
15.80
9.00
9.40
5.00
1.00
0.00
6.20
6.00
10.20
1.80
22.60
5.00
10.20
0.00
0.00
0.00
0.00
0.00
0.00
4.20
0.00
0.00
0.00
0.00
0.00
0.00
4.00
0.00
1.00
1.00
6.00
1.00
0.00
0.00
0.00
0.00
0.00
0.00
0.00
2.00
13.60
14.00
0.00
0.00
0.00
0.00
1.40
3.60
30.00
2.00
7.20
1.20
1.30
0.00
0.00
0.00
4.20
0.00
0.00
0.00
1.20
0.60
2.80
0.00
2.00
0.00
0.00
0.00
0.00
0.00
0.00
0.00
0.00
0.00
0.00
0.00
0.00
0.00
0.00
0.00
0.00
0.00
0.00
0.00
0.00
0.00
0.00
0.00
0.00
0.00
0.00
0.00
1.00
0.00
0.00
0.00
0.00
0.00
0.00
0.00
0.00
0.00
0.00
0.00
0.00
0.00
0.00
0.00
0.00
0.00
0.00
0.00
0.00
0.00
0.00
0.00
0.00
0.00
0.00
0.00
0.00
0.00
0.00
0.00
0.00
0.00
0.00
0.00
0.00
0.00
0.00
0.00
0.00
0.00
0.00
0.00
0.00
0.00
0.00
0.00
0.00
0.00
0.00
0.00
0.00
0.00
0.00
0.00
0.00
0.00
0.00
0.00
0.00
0.00
0.00
0.00
0.00
0.00
0.00
0.00
0.00
0.00
0.00
0.00
0.00
0.00
0.00
0.00
0.00
0.00
0.00
0.00
0.00
0.00
0.00
0.00
0.00
1.00
2.60
1.60
0.00
0.00
0.00
0.00
0.00
0.00
0.00
0.00
0.00
0.00
0.00
0.00
0.00
0.00
0.00
0.00
0.00
0.00
0.00
0.00
0.00
0.00
0.00
0.00
0.00
0.00
0.00
0.00
0.00
6.20
5.20
0.00
0.00
0.00
0.00
10.40
1.00
0.00
0.00
0.00
0.00
0.00
0.00
0.00
0.00
0.00
0.00
0.00
0.00
0.00
0.00
0.00
0.00
0.00
0.00
10.20
0.00
0.00
1.00
2.40
2.80
16.00
0.00
2.00
0.00
0.00
0.00
4.00
3.00
1.60
0.00
0.00
0.00
0.00
0.00
9.00
8.00
0.00
0.00
0.00
0.00
0.00
0.00
0.00
0.00
0.00
0.00
0.00
0.00
0.00
8.40
15.00
2.00
3.00
1.60
1.20
0.00
13.00
2.40
0.00
0.00
0.00
0.00
0.00
12.00
4.20
0.00
0.00
5.40
0.00
0.00
0.00
0.00
0.00
0.00
8.40
2.00
0.60
0.00
0.00
0.00
0.00
0.00
0.00
0.00
0.00
0.00
1.00
1.00
13.00
0.00
0.00
0.00
5.60
0.00
0.00
0.00
4.60
5.00
19.00
11.00
14.60
5.20
9.00
26.80
5.60
6.20
3.00
15.60
0.00
0.00
0.00
0.00
0.00
0.40
15.00
0.00
1.20
2.00
2.00
4.00
0.00
22.00
0.00
1.20
9.20
3.20
2.40
3.60
5.20
17.20
8.80
4.00
0.00
0.00
0.00
0.00
0.00
0.95
0.00
0.00
1.21
2.21
15.41
0.00
1.31
0.00
0.00
0.00
0.00
0.00
0.00
0.00
0.00
0.00
0.00
1.54
0.00
0.00
0.00
0.00
0.00
0.00
1.14
0.00
0.00
6.04
0.00
0.00
0.00
0.00
0.00
0.00
0.14
0.00
0.00
0.00
0.00
4.84
5.54
0.00
0.00
6.84
0.00
2.34
1.44
9.74
0.00
1.06
3.96
1.06
7.66
5.93
11.83
6.04
12.20
0.00
0.00
1.00
1.00
2.00
0.00
0.00
0.00
0.00
0.00
0.00
1.60
3.00
1.00
6.60
0.00
0.00
0.00
0.00
0.00
0.00
0.00
0.00
0.00
0.00
0.00
0.00
0.00
0.00
0.00
0.00
0.00
0.00
0.00
0.00
0.00
0.00
0.00
0.00
0.00
0.00
0.00
0.00
0.00
0.00
0.00
0.00
0.00
0.00
0.00
0.00
0.00
0.00
0.00
0.00
0.00
0.00
0.00
0.00
0.00
2.60
0.00
0.00
0.00
0.00
0.00
0.00
0.00
0.00
0.00
0.00
0.00
0.00
0.00
0.00
0.00
0.00
0.00
0.00
0.00
0.00
0.00
0.00
0.00
0.00
0.00
0.00
0.00
0.00
0.00
0.00
0.00
0.00
0.00
0.00
0.00
0.00
0.00
0.00
0.00
0.00
0.00
0.00
0.00
0.00
0.00
0.00
0.00
0.00
0.00
0.00
0.00
0.00
0.00
0.00
0.00
0.00
0.00
0.00
0.00
0.00
0.00
0.00
0.00
0.00
0.00
0.00
0.00
0.00
0.00
0.00
0.00
0.00
0.00
0.00
0.00
0.00
0.00
0.00
0.00
0.00
0.00
0.00
1.40
0.00
0.00
0.00
0.00
0.00
0.00
0.00
0.00
0.00
0.00
0.00
0.00
0.00
0.00
1.20
0.00
0.00
0.00
0.00
0.00
0.00
0.00
0.00
0.00
0.00
0.00
1.00
0.00
0.00
0.00
0.00
0.00
0.00
9.20
2.00
5.60
0.00
0.00
0.00
0.00
1.60
0.00
0.00
0.00
2.00
0.00
0.00
2.00
2.60
0.00
0.00
0.00
0.00
12.60
0.00
0.00
0.00
0.00
4.80
22.40
0.00
0.00
0.00
5.20
1.00
0.00
6.20
7.20
0.00
0.00
0.00
6.40
21.00
2.20
3.20
7.90
0.00
1.00
1.00
0.00
0.00
0.00
0.00
0.00
0.00
0.00
0.00
0.00
7.00
0.00
1.40
0.00
0.00
0.50
9.00
1.40
0.00
2.00
3.40
1.00
0.00
0.00
0.00
0.00
4.40
0.00
0.00
0.00
2.40
1.00
0.00
0.00
0.00
4.60
11.00
8.40
1.00
14.60
6.80
0.00
0.00
0.00
0.00
0.00
3.00
0.00
10.20
0.00
11.20
1.00