0.00
1.30
4.60
0.00
4.00
30.30
5.50
0.10
11.80
1.20
2.20
0.40
0.00
3.50
0.00
0.00
0.00
0.00
0.00
0.00
14.30
7.10
0.00
1.40
0.00
0.00
0.00
0.70
7.00
1.80
2.60
0.10
2.70
4.00
11.20
2.20
0.40
0.00
0.00
0.00
0.00
0.00
3.50
10.30
3.70
1.30
0.00
8.30
2.50
0.00
0.00
0.00
0.00
0.00
4.00
8.60
2.00
0.40
2.80
0.00
6.70
2.00
4.80
0.00
0.00
28.80
0.00
8.10
0.00
8.50
1.00
11.70
1.40
15.70
4.70
0.50
17.90
6.20
1.40
0.10
0.50
1.20
0.00
0.70
0.20
0.00
0.00
8.00
0.80
3.70
1.10
8.30
0.00
0.00
11.20
5.30
1.50
0.50
0.00
0.00
0.00
0.00
0.00
0.00
0.00
0.00
2.30
5.00
0.00
1.40
0.10
0.00
0.00
0.00
0.00
0.00
0.00
5.30
3.80
6.20
1.50
2.00
0.00
0.00
0.00
0.00
0.00
0.00
0.00
0.00
0.00
0.00
0.00
0.00
0.00
0.00
0.00
0.00
0.00
0.00
0.00
0.00
0.00
0.00
0.00
0.00
0.00
0.00
0.00
0.00
0.00
0.00
0.00
0.00
0.70
0.00
0.00
0.00
0.00
0.00
0.30
0.00
0.00
0.00
0.00
0.00
0.00
0.00
0.00
0.00
0.00
0.00
0.00
0.00
0.00
0.00
0.00
0.00
0.00
0.00
0.00
0.00
0.00
0.00
0.00
0.00
0.00
0.00
0.00
0.00
0.00
0.00
0.00
0.00
0.00
0.00
0.00
0.00
0.00
0.00
0.00
0.00
0.00
0.00
0.00
0.00
0.00
0.00
0.00
0.00
0.00
0.00
0.00
0.00
0.00
0.00
0.00
0.00
0.00
0.00
0.00
0.00
0.00
0.00
0.00
0.00
0.00
0.00
0.00
0.00
0.00
0.00
0.00
0.00
0.00
0.00
0.00
0.00
0.00
0.00
0.50
0.00
0.00
0.00
6.00
6.30
0.00
0.00
0.00
0.00
0.00
0.00
0.00
0.00
0.00
0.00
0.00
0.10
2.80
7.20
2.30
0.00
1.50
0.00
2.50
0.00
0.00
0.00
0.00
0.00
0.70
1.20
0.00
0.00
0.00
10.40
0.20
10.10
3.90
0.00
17.70
2.10
5.00
1.30
0.00
0.00
4.40
0.00
0.70
0.00
3.90
0.00
0.00
0.00
7.50
0.00
0.00
0.00
0.00
0.20
0.00
0.90
0.00
1.00
0.00
3.00
0.00
0.00
1.60
0.00
0.00
0.00
11.40
9.70
0.00
0.00
1.70
4.10
0.00
0.00
0.00
0.00
0.00
0.00
0.00
0.00
0.00
0.00
0.00
0.30
0.00
0.00
0.00
0.00
0.00
0.00
0.00
0.00
0.00
0.00
0.00
0.00
0.00
0.00
0.20
0.00
0.00
0.10
12.50
3.80
0.00
0.00
0.00
0.00
0.40
0.20
1.70
0.00
0.00
0.20
0.80
0.10
1.70
0.00
1.50
11.40
1.00
0.10
2.40
6.60
0.00
0.90
0.00
3.20
0.00
12.60
7.00
0.20
13.00
1.60
0.60
4.70
3.70
3.00
0.30
0.00
0.00
3.40
0.10
10.60
12.60
15.60
3.00
11.10
1.20
2.50
7.60
1.60
14.10
4.40
2.20
7.80
0.00
0.70
3.30
8.20
8.00
0.20
3.30
5.10
0.20
8.30
2.20
0.00
1.70
7.10
5.50
0.20
0.00
5.70
8.50
1.30
0.00
2.20
4.60
0.30
0.00
0.00
3.70
0.10
8.00
7.80
1.40
0.60
4.00
5.50
7.60
2.20
2.90
0.10
0.00
0.20
0.30
0.00
1.60
0.00
0.00
4.20
0.30
0.00
0.00
0.50
0.00
0.00
0.00
0.00
0.00
0.00
0.00
0.00
0.00
0.00
0.00
0.00
0.00
0.00
0.00
0.00
0.00
0.00
0.00
0.00
8.00
0.00
0.00
0.00
0.40
0.00
0.00
0.00
0.00
0.00
0.00
0.00
0.00
0.00
0.00
0.00
0.00
1.70
1.20
0.00
0.00
0.00
0.00
0.00
0.00
0.00
0.00
0.00
0.00
0.00
0.00
0.00
0.00
0.00
0.00
0.00
0.00
0.00
0.00
0.00
0.00
0.00
0.00
0.00
0.00
0.00
0.00
0.00
0.00
0.00
0.00
3.90
3.30
0.70
0.00
0.00
0.00
0.00
0.00
0.00
0.00
0.00
0.00
0.00
0.00
0.00
0.00
0.00
0.00
0.00
0.00
0.00
0.00
0.00
0.00
0.00
0.00
0.00
0.00
0.00
0.00
0.00
0.00
0.00
0.00
0.00
0.00
0.00
0.00
0.00
0.00
0.00
0.00
0.00
0.00
0.00
0.00
0.00
0.00
0.00
0.00
0.50
0.00
0.00
0.00
0.00
0.00
0.00
0.00
0.00
0.00
0.00
0.00
0.00
0.00
0.00
0.00
11.30
10.40
15.00
0.20
0.00
0.00
0.00
0.00
1.70
0.20
0.00
0.00
0.00
0.00
0.00
0.00
0.00
0.00
0.00
0.00
0.00
0.00
0.00
0.00
0.00
0.00
0.00
0.00
0.00
0.30
0.00
0.00
0.00
0.00
0.00
0.00
0.00
0.00
0.00
0.00
0.00
0.40
0.00
0.00
0.00
0.00
0.00
0.00
0.00
0.00
0.00
0.00
0.00
0.00
0.00
0.00
0.00
8.80
3.40
3.70
4.70
1.40
6.10
12.40
10.00
0.00
0.00
0.70
4.70
1.60
6.90
4.30
0.00
1.20
0.00
7.50
0.80
1.60
0.00
0.00
0.00
0.00
3.00
0.00
0.00
0.00
0.00
0.00
0.00
0.00
0.00
0.00
0.00
0.00
0.00
0.00
0.00
0.00
0.00
0.00
0.00
0.00
0.00
0.20
6.50
6.20
0.00
0.10
0.00
1.60
8.00
0.30
0.00
0.00
1.90
6.70
0.00
0.40
0.00
6.40
5.80
0.90
0.00
0.00
0.00
0.00
4.70
0.80
1.80
0.00
0.00
0.00
7.60
0.30
7.90
0.00
7.40
0.70
3.80
2.50
4.50
0.90
9.00
2.90
4.90
7.30
2.90
0.00
3.60
6.20
7.40
8.70
0.40
5.70
1.60
9.10
25.40
2.30
12.60
0.80
0.20
5.70
0.00
11.70
7.40
16.20
1.50
25.60
4.50
0.20
10.10
1.50
0.00
0.10
1.50
3.50
0.00
2.10
3.10
0.30
0.00
0.00
0.00
4.00
3.60
9.90
3.70
8.50
2.20
2.30
3.50
19.90
9.60
1.20
0.30
0.20
1.10
1.50
10.70
0.70
1.30
0.00
6.60
3.50
0.70
6.50
5.50
32.60
6.50
1.10
0.60
6.70
16.10
0.00
20.60
20.70
6.10
0.00
0.00
0.00
0.00
13.50
1.80
2.70
9.00
0.00
3.70
3.00
0.00
0.50
0.00
0.00
0.00
0.00
0.00
0.00
1.20
0.20
4.40
1.00
8.20
0.40
0.00
0.00
0.00
0.00
0.00
0.00
0.00
0.00
0.00
0.00
0.00
0.00
0.00
0.00
0.00
0.20
0.30
0.00
0.00
0.00
0.00
0.00
0.00
0.00
0.00
0.00
0.00
0.00
0.00
0.00
0.00
0.80
10.50
7.80
0.00
0.00
0.90
0.70
0.00
0.00
0.00
0.00
0.00
0.00
0.00
0.00
0.00
0.00
0.00
0.00
0.00
0.00
0.00
0.00
0.00
0.00
0.00
0.00
0.00
0.00
0.00
0.00
0.00
0.00
0.00
0.00
0.00
0.00
0.00
0.00
0.00
0.00
0.00
0.00
0.00
0.00
0.00
0.00
0.00
0.00
0.00
0.00
0.00
0.00
0.00
0.60
3.80
0.00
0.00
0.00
0.00
0.00
0.00
0.00
0.00
0.00
0.00
0.00
0.00
0.00
0.00
0.00
0.00
0.00
0.00
0.00
0.00
0.00
0.00
0.00
0.00
0.00
0.00
0.00
0.00
0.00
0.00
0.00
0.00
0.00
0.00
0.00
0.00
0.00
0.00
0.00
0.00
2.30
5.50
0.20
0.00
0.00
0.00
0.00
0.00
0.00
0.00
0.00
0.00
0.00
0.00
0.00
0.00
0.00
0.20
0.00
1.80
0.70
0.00
0.00
0.00
0.00
0.00
0.00
0.00
0.00
1.20
0.00
1.10
0.00
0.00
0.90
1.00
7.60
1.70
0.00
0.00
0.00
0.00
0.00
0.40
0.00
0.00
0.00
0.30
0.00
1.20
0.00
10.10
0.00
0.00
0.00
0.00
6.70
0.90
0.60
5.20
3.20
1.40
0.30
0.00
0.00
0.00
0.00
0.00
0.00
0.00
0.10
0.00
0.00
0.00
0.60
10.40
3.90
15.60
0.40
0.00
0.00
1.50
0.30
0.00
0.00
12.70
1.00
0.00
0.00
0.00
0.00
2.00
1.00
0.00
0.00
0.00
0.00
0.00
0.00
0.00
0.00
0.00
1.40
5.00
0.00
1.30
0.30
0.00
0.90
0.00
0.00
0.00
37.20
0.40
2.70
0.70
0.00
0.00
0.00
0.00
0.00
0.00
18.00
30.20
4.30
3.80
5.40
0.00
0.00
1.20
2.70
0.10
0.00
0.00
0.00
58.80
0.00
0.20
0.00
17.30
0.50
0.00
3.00
0.30
0.00
0.00
0.00
0.00
0.00
0.00
0.00
0.00
10.70
13.20
10.50
21.80
27.50
7.40
17.40
1.70
12.40
0.00
0.70
0.00
0.00
11.90
0.50
0.60
0.00
3.50
6.00
4.70
5.50
4.50
7.20
13.40
3.60
0.00
0.20
0.20
0.20
6.80
4.10
0.40
2.60
0.00
7.40
5.30
1.00
13.10
0.10
3.40
7.10
3.50
1.20
6.10
5.30
6.80
13.70
7.10
0.00
8.90
2.50
1.50
0.00
5.30
0.80
0.00
3.80
3.00
0.10
0.20
2.30
7.00
0.20
0.00
20.70
61.80
0.20
0.50
0.10
0.00
0.00
1.50
0.00
0.80
2.40
4.20
1.40
0.20
0.00
0.00
0.10
0.30
2.90
0.20
0.00
7.80
1.50
0.10
5.00
0.60
0.00
0.00
0.00
7.30
1.90
1.10
4.80
13.70
0.10
0.00
0.10
0.00
0.00
0.00
0.00
0.00
0.00
0.10
0.50
3.10
1.00
0.00
0.00
0.00
0.00
1.50
0.00
0.00
0.00
0.00
0.00
0.00
4.10
0.00
0.00
0.00
0.00
0.00
0.00
0.00
0.00
0.00
0.00
0.00
0.00
0.00
0.00
0.00
0.00
0.00
0.00
0.00
0.00
0.00
0.00
0.00
0.00
0.00
0.00
0.00
0.00
0.00
0.00
0.00
0.00
0.00
0.00
0.00
0.00
0.00
0.00
0.00
0.00
0.00
0.00
1.70
0.20
0.00
0.00
0.00
0.30
0.30
0.00
0.00
0.00
1.40
4.30
3.60
0.00
0.00
0.00
0.00
0.00
0.00
0.00
0.00
0.00
0.00
0.00
0.00
0.00
0.00
0.00
0.60
0.30
0.00
0.00
0.00
0.00
0.00
0.00
0.00
0.00
0.00
0.00
0.00
1.30
0.00
0.00
0.00
0.00
0.00
0.00
0.00
2.80
0.00
0.00
0.00
0.00
0.00
1.30
0.00
0.00
0.00
0.00
0.00
0.00
0.00
3.60
2.60
3.10
0.30
0.00
0.00
0.00
0.00
0.00
0.00
6.20
0.70
1.80
0.10
0.00
0.00
0.00
0.00
0.00
0.00
0.20
0.00
0.00
0.00
0.00
0.00
0.00
0.00
0.00
0.00
0.00
0.70
3.20
1.20
23.40
11.30
1.30
3.00
30.70
4.60
10.20
1.90
0.00
0.40
0.20
20.20
1.20
0.00
0.00
5.40
0.00
0.00
0.00
0.00
4.80
34.10
18.20
2.20
1.50
1.10
3.90
2.60
0.00
7.90
1.70
0.00
0.00
0.00
0.00
0.00
0.00
3.80
0.00
0.30
0.00
0.10
0.00
15.30
0.00
0.80
21.10
1.00
9.50
0.70
2.20
3.20
0.00
16.80
0.70
0.00
0.00
2.00
1.10
6.30
37.40
25.20
3.90
3.40
0.90
0.00
0.00
1.70
2.60
0.00
0.00
0.00
2.00
6.80
1.90
2.50
13.50
0.00
9.10
8.30
0.00
27.20
0.00
6.70
0.00
0.70
2.70
3.20
3.50
1.60
2.90
1.20
0.00
0.60
3.00
0.00
0.00
0.00
4.60
4.50
0.00
1.90
0.70
5.70
4.50
6.70
14.10
6.90
15.00
13.80
3.30
0.70
2.40
7.80
12.00
12.90
2.60
11.80
7.70
1.00
0.00
0.10
21.90
4.90
8.10
0.70
0.00
0.00
0.30
0.90
0.00
0.40
0.60
0.00
0.00
0.00
0.00
12.50
1.00
9.00
3.80
0.00
0.00
17.70
1.60
10.50
0.20
1.10
4.90
3.00
0.10
9.60
0.00
0.30
10.10
0.20
0.00
0.00
0.00
0.60
8.60
8.70
0.00
0.30
1.00
0.00
23.10
0.00
6.80
0.00
0.00
15.40
0.70
1.80
0.00
0.10
2.70
3.00
8.10
14.40
0.00
24.50
0.50
0.00
0.00
0.00
0.00
0.00
0.70
0.00
2.70
0.00
0.00
2.90
7.10
0.00
0.00
0.00
0.00
0.00
0.00
3.50
2.60
0.00
0.00
0.00
0.00
0.00
0.00
0.00
0.00
0.00
0.00
0.00
0.00
0.00
0.00
0.00
1.50
0.00
0.00
0.00
0.00
0.00
0.00
2.90
0.00
0.10
0.20
0.00
0.00
0.00
0.00
0.00
0.00
0.00
0.00
0.00
0.00
0.00
0.00
0.00
0.00
0.00
0.00
0.00
0.00
0.00
0.00
0.00
0.00
0.00
0.00
0.00
0.00
0.00
0.00
0.00
5.70
0.00
0.00
0.00
0.00
0.00
0.00
0.00
0.00
0.00
0.00
0.00
0.00
0.00
0.00
0.00
0.00
0.00
0.00
0.00
0.00
0.00
0.00
0.00
0.00
0.00
0.00
0.00
0.00
0.00
0.00
0.00
0.00
0.00
0.00
0.00
0.00
0.60
0.00
0.00
0.00
0.00
0.00
0.00
0.00
0.00
0.00
0.00
0.00
1.50
0.90
2.20
0.20
0.00
0.00
0.00
0.00
0.00
0.00
0.00
0.00
0.00
0.00
0.00
0.00
0.00
0.00
0.00
0.00
0.20
0.00
0.00
0.00
0.00
0.00
0.00
0.00
0.00
0.00
0.00
0.00
0.00
0.00
0.50
5.30
0.30
0.10
0.00
0.00
0.00
0.00
0.00
0.00
0.00
0.00
1.60
0.00
0.00
0.00
0.00
0.00
0.00
0.00
0.00
0.00
6.80
0.50
0.00
0.00
0.00
0.00
0.00
0.00
0.00
0.00
3.40
0.00
0.00
0.00
0.00
0.00
0.00
0.00
0.00
0.00
0.00
0.00
0.00
1.80
0.00
0.00
0.00
9.00
3.20
8.20
0.20
5.40
2.40
0.00
0.00
0.00
0.00
0.00
0.00
0.00
0.00
15.10
10.60
0.00
0.00
0.00
0.00
0.00
0.00
0.00
0.00
0.00
0.00
0.00
0.00
5.30
3.40
0.00
0.00
0.00
0.00
0.00
0.00
0.00
0.00
0.00
0.00
0.00
1.20
0.00
0.00
6.00
1.30
0.30
0.00
4.70
2.20
0.10
0.00
3.80
11.30
0.00
61.90
6.60
0.70
0.50
0.00
4.50
1.50
11.60
0.00
12.30
0.20
7.10
18.80
12.80
6.60
4.10
0.30
3.40
18.40
2.80
7.00
13.40
11.60
19.20
12.40
10.60
22.40
16.60
10.60
2.40
10.90
1.60
0.00
0.70
0.00
1.10
0.10
0.00
0.00
0.00
0.00
0.10
2.50
6.30
8.90
1.40
2.90
0.00
16.10
6.30
1.00
8.40
0.20
0.80
0.20
0.00
2.00
4.00
6.00
21.20
0.10
0.00
0.00
0.00
5.50
0.00
0.00
0.00
0.00
0.00
0.00
5.60
0.00
0.00
0.00
1.10
0.90
1.40
0.00
0.00
0.00
0.00
1.20
0.00
0.00
0.00
0.00
0.00
0.10
0.10
0.80
2.40
12.20
0.40
0.00
15.40
1.90
3.80
0.40
0.00
1.10
0.30
1.40
0.00
0.00
0.00
0.60
3.70
0.00
0.30
0.00
0.00
0.00
0.00
3.00
0.00
3.90
5.80
0.20
0.00
0.00
0.00
0.00
1.00
1.30
0.00
0.00
0.00
0.00
0.20
1.10
10.00
4.80
0.00
0.00
0.00
0.00
0.00
0.00
0.00
0.00
0.00
0.00
0.00
0.00
0.00
0.00
0.00
0.00
0.00
0.00
0.00
0.00
0.00
0.00
0.00
0.00
0.00
0.00
0.00
0.00
0.00
0.00
0.00
0.00
0.00
0.00
0.00
0.00
0.00
0.00
0.00
0.00
0.00
0.00
0.00
0.00
0.00
0.00
0.00
0.00
0.00
0.00
0.00
0.00
0.00
0.00
0.00
0.00
0.00
0.00
0.00
2.20
0.20
0.40
0.00
0.00
0.00
0.00
0.00
0.00
0.00
0.00
0.00
0.00
0.00
0.00
0.00
0.00
0.00
0.00
0.00
0.00
0.00
0.00
0.00
0.00
0.00
0.00
0.00
0.00
0.00
0.00
0.00
0.00
0.00
0.00
0.00
0.00
0.00
0.00
0.00
0.00
0.00
0.00
0.00
0.00
0.00
0.00
1.80
0.00
0.00
0.00
0.00
0.60
13.10
0.00
0.00
0.00
0.00
1.00
0.00
0.00
5.70
0.00
0.00
0.00
0.00
0.00
0.30
7.10
14.40
0.00
0.00
0.00
0.00
0.00
0.00
0.00
0.00
0.00
0.00
0.00
0.00
0.00
0.00
0.00
0.00
0.50
9.40
0.20
2.00
0.00
2.20
0.00
0.00
0.00
0.00
0.00
0.00
0.40
3.60
0.00
0.00
0.00
0.00
0.70
0.30
0.00
0.00
0.00
0.00
0.00
3.80
0.00
0.00
0.00
0.00
0.00
0.00
0.00
0.00
0.00
0.00
5.30
0.00
0.10
0.00
0.00
17.10
19.70
0.00
0.80
0.00
0.00
0.00
0.20
0.00
0.00
2.20
0.00
0.00
5.80
0.00
0.20
0.80
0.00
0.00
7.00
0.00
3.40
0.00
0.00
0.00
4.70
0.00
0.00
0.00
0.00
0.00
0.00
0.00
0.10
3.60
0.90
1.80
4.80
10.00
11.60
13.30
0.00
2.70
0.00
0.00
0.00
0.00
0.80
0.00
0.00
0.00
3.90
0.80
5.30
7.00
0.20
2.40
3.00
3.50
0.00
0.00
0.00
0.00
0.80
3.10
9.20
4.50
0.00
0.90
3.60
0.00
3.80
0.00
0.00
0.00
4.20
0.30
0.00
0.00
0.00
0.00
0.00
0.00
2.40
0.00
0.00
0.80
6.70
0.00
11.10
0.00
8.30
1.20
10.10
4.00
16.10
8.20
14.60
29.60
9.00
1.20
0.90
1.40
12.00
0.40
2.60
16.60
2.10
13.20
0.00
0.00
0.00
0.10
0.00
2.40
4.10
0.50
0.00
0.00
0.00
0.00
0.00
7.30
8.00
0.00
6.70
5.60
2.80
0.00
0.00
0.00
0.00
0.00
0.00
4.60
7.50
0.50
4.60
0.00
0.00
0.00
0.00
0.00
8.10
17.90
0.30
15.60
2.30
0.30
0.40
0.40
0.00
0.00
0.00
0.00
0.00
1.50
0.00
7.20
0.00
0.00
0.00
0.00
0.00
0.00
0.00
0.00
0.00
0.00
0.00
0.00
0.00
0.00
0.00
0.90
0.00
0.00
0.00
0.00
0.00
0.00
0.00
0.00
0.00
0.00
0.00
0.00
0.00
0.00
0.00
0.00
0.00
0.30
0.00
0.00
0.00
0.00
0.00
0.00
0.00
0.00
0.00
0.00
0.00
0.00
0.00
0.00
0.00
0.00
0.00
0.00
0.00
0.00
0.00
0.00
0.00
0.00
0.00
0.00
0.00
0.00
0.00
0.00
0.00
0.00
0.00
0.00
0.00
0.00
0.00
0.00
0.00
0.00
0.00
0.00
0.00
0.00
0.00
0.00
0.00
0.00
0.00
0.00
0.00
0.00
0.00
0.00
0.00
0.00
0.00
0.00
0.00
0.00
0.00
0.00
0.00
0.00
0.00
0.00
0.00
0.00
0.00
0.00
0.00
0.00
0.00
0.00
0.00
0.00
0.00
0.00
0.00
0.00
4.80
0.20
0.00
0.00
0.00
0.00
0.00
0.00
0.00
0.00
0.00
0.00
0.00
0.00
0.00
0.00
0.00
0.00
0.00
0.00
0.00
0.00
0.00
0.00
0.00
0.00
0.00
0.00
0.00
0.00
0.00
0.00
4.50
0.50
0.00
0.00
0.00
0.00
0.00
4.60
0.00
0.00
10.00
0.00
0.00
0.00
0.00
0.00
0.00
0.00
0.00
0.00
0.00
0.00
0.00
0.00
0.00
4.20
0.80
0.00
0.00
0.00
4.40
8.90
14.50
2.80
0.80
0.90
0.00
0.00
9.10
1.40
0.00
3.30
3.90
0.00
0.00
0.00
4.80
0.00
0.00
0.00
0.00
0.00
0.00
0.00
0.00
0.00
0.00
0.00
0.00
0.00
0.30
8.50
4.20
0.60
1.90
2.70
0.00
1.60
0.30
2.20
0.30
0.40
1.00
1.10
0.20
3.70
4.90
0.00
0.00
0.40
0.00
0.00
0.00
0.00
0.00
0.00
3.50
8.80
0.00
0.00
0.00
0.00
0.00
0.00
10.40
0.30
0.00
0.00
0.00
1.20
6.40
0.00
3.70
0.00
0.00
0.80
0.00
2.10
1.20
1.40
1.70
8.50
3.80
9.00
9.00
13.00
5.90
5.20
6.10
5.20
12.50
0.00
0.00
0.00
0.00
0.00
13.90
7.00
0.80
19.50
6.20
3.80
10.00
22.20
0.00
3.50
20.40
4.00
0.20
3.10
7.90
22.00
2.50
2.60
0.00
4.20
0.00
0.30
0.00
1.60
0.30
0.00
2.70
3.70
16.90
0.00
2.80
0.70
1.20
0.00
0.00
0.00
0.00
0.00
0.30
0.00
0.00
3.00
0.00
0.30
0.00
0.00
0.30
0.00
2.60
0.80
0.00
7.50
0.00
0.00
0.70
0.00
0.00
0.00
1.60
0.00
0.00
0.00
1.40
6.30
7.00
0.00
0.00
8.30
1.20
3.80
2.90
11.20
0.00
0.00
2.90
0.00
6.60
3.20
9.10
0.80
2.90
0.00
0.00
0.00
0.00
0.10
0.00
0.00
0.00
0.00
0.00
0.00
2.60
1.50
0.60
4.40
0.00
0.00
0.00
0.00
0.00
0.00
0.00
0.00
0.00
0.00
0.00
0.00
5.10
0.00
0.00
0.00
0.00
0.00
0.00
0.00
0.00
0.00
0.00
0.00
0.00
0.00
0.00
0.00
0.00
0.00
0.00
0.00
0.00
0.00
0.00
0.00
0.00
0.00
0.00
0.00
0.00
0.00
0.00
0.00
0.20
1.30
0.00
0.00
0.00
0.00
0.00
0.00
0.00
0.00
0.00
0.00
0.00
0.00
0.00
0.00
0.00
0.00
0.00
0.00
0.00
0.00
0.00
0.00
0.00
0.00
0.00
0.00
0.00
0.00
0.00
0.00
0.00
0.00
0.00
0.00
0.00
0.00
0.00
0.00
0.00
0.00
0.00
0.00
0.00
0.00
0.00
0.00
0.00
0.00
0.00
0.00
0.00
0.00
0.00
0.00
0.00
0.00
0.00
0.00
0.00
0.00
0.00
0.00
0.00
0.00
0.00
0.00
0.00
0.00
0.00
0.00
0.00
0.00
0.00
0.00
0.00
0.00
0.00
0.00
0.00
0.00
0.00
0.00
2.10
0.20
0.00
0.00
0.00
0.00
0.00
0.00
0.00
0.00
0.00
0.00
0.00
0.00
0.00
0.00
0.00
0.00
0.00
0.00
0.00
0.00
0.00
0.00
0.00
0.00
0.00
0.60
0.00
0.00
0.00
0.00
0.50
8.10
0.00
0.00
2.00
0.00
0.10
0.00
0.00
1.10
0.00
0.60
0.00
0.80
0.00
0.00
0.00
0.90
0.00
0.00
0.00
0.00
1.80
0.00
0.00
0.00
0.00
1.60
8.20
0.00
0.90
0.00
19.50
0.00
0.00
0.00
25.20
0.00
0.00
0.00
0.30
14.30
7.30
1.40
13.60
0.50
0.10
0.00
2.60
0.00
0.00
0.00
0.00
0.00
0.00
0.00
0.20
0.00
0.00
0.00
0.00
0.00
5.20
3.80
0.20
0.00
2.00
9.10
0.50
0.00
0.00
1.00
0.00
1.50
4.60
0.00
0.00
1.20
5.40
0.00
0.00
0.00
9.50
3.70
4.70
2.20
13.60
3.60
0.70
6.20
0.00
0.00
2.10
1.50
1.00
2.40
3.00
2.00
0.70