0.00
0.00
0.40
0.00
8.80
3.20
4.00
6.30
4.10
19.80
20.60
0.00
15.20
4.90
2.10
0.00
0.00
0.00
0.00
4.10
1.90
3.20
17.00
3.20
5.70
0.00
4.50
7.60
18.00
30.20
0.00
1.10
14.00
6.60
7.20
6.90
0.50
0.50
4.10
6.50
9.40
0.00
1.30
8.80
25.50
12.00
3.60
32.30
32.90
9.70
1.00
0.00
0.40
0.70
8.00
12.00
9.50
4.50
10.00
0.70
2.00
5.50
1.00
20.70
0.00
7.70
23.70
13.00
12.40
11.20
5.20
2.00
8.50
10.60
16.30
12.00
8.50
6.30
1.10
9.40
8.00
6.70
6.20
4.90
10.80
13.00
0.50
6.80
0.00
1.40
3.50
12.20
0.00
10.50
0.00
2.00
0.00
5.00
0.00
0.40
2.70
1.50
1.40
0.00
0.00
1.20
0.00
8.00
18.10
7.60
3.30
0.00
0.00
0.00
0.00
0.00
0.00
0.00
0.00
14.10
0.90
0.00
0.00
0.00
0.00
0.00
0.00
0.00
0.00
0.00
0.00
0.00
0.00
0.00
0.00
0.00
0.00
0.00
0.00
0.00
0.00
0.00
0.00
0.00
0.00
0.00
0.00
0.00
0.00
0.00
0.00
0.00
0.00
0.00
0.00
0.00
0.00
0.00
0.00
0.00
0.00
0.00
0.00
0.00
0.00
0.00
0.00
0.00
0.00
0.00
0.00
0.00
0.00
0.00
0.00
0.00
0.00
0.00
0.00
0.00
0.00
0.00
0.00
0.00
0.00
0.00
0.00
0.00
0.00
0.00
0.00
0.00
0.00
0.00
0.00
0.00
0.00
0.00
0.00
0.00
0.00
0.00
0.00
0.00
0.00
0.00
0.00
0.00
0.00
0.00
0.00
0.00
0.00
0.00
0.00
0.00
0.00
0.00
0.00
0.00
0.00
0.00
0.00
0.00
0.00
0.00
0.00
0.00
0.00
0.00
0.00
0.00
0.00
0.00
0.00
0.00
0.00
0.00
0.00
0.00
0.00
0.00
0.00
6.90
1.40
0.20
2.20
0.00
0.00
0.00
0.00
0.00
0.00
0.00
0.00
0.00
0.00
8.10
4.60
7.90
3.20
1.00
4.20
2.80
0.40
0.00
0.00
0.00
0.00
0.00
0.00
0.00
0.00
0.00
8.60
10.90
14.30
8.60
2.00
0.00
2.20
2.80
9.00
1.60
5.20
2.60
1.30
0.00
0.00
0.00
0.70
0.00
0.00
0.40
1.20
0.70
0.00
0.00
0.00
0.00
0.00
1.90
2.40
0.00
0.00
0.00
0.00
0.00
0.00
0.00
0.00
2.20
7.10
6.20
0.00
0.00
0.00
0.00
3.50
0.00
0.00
0.00
0.00
0.00
0.00
9.20
0.00
0.00
0.00
2.40
0.00
0.00
0.00
0.00
0.00
0.00
0.00
0.00
0.00
0.00
0.00
0.00
1.80
0.00
0.00
0.00
0.00
4.00
8.20
0.00
0.00
0.00
0.00
0.00
0.00
0.00
1.20
0.00
6.40
6.30
6.00
0.00
5.80
7.00
18.00
4.30
0.00
0.00
10.60
12.70
0.00
1.10
3.90
3.70
0.00
0.00
2.20
0.00
11.80
7.40
2.90
3.20
0.00
2.00
0.00
5.90
1.80
2.40
6.20
20.60
18.60
5.10
8.80
3.30
7.20
11.30
1.20
0.00
5.00
5.40
0.00
5.20
9.10
4.10
11.20
23.40
18.90
1.90
0.00
0.60
12.60
3.90
3.40
0.00
2.20
2.40
2.20
2.30
11.90
5.40
6.70
1.20
0.00
4.80
0.00
13.40
0.00
9.00
0.80
5.10
25.60
10.30
5.60
11.20
25.20
16.90
10.30
0.00
7.00
0.00
0.00
0.00
9.80
1.40
2.60
0.00
0.60
6.60
5.20
0.00
0.30
0.00
1.30
0.00
0.90
0.00
0.00
0.00
0.00
0.00
0.00
0.00
4.40
0.00
0.00
0.00
0.00
0.00
0.00
0.00
0.00
3.10
0.00
0.00
0.00
0.00
0.00
0.00
0.00
0.00
0.00
0.00
0.00
0.00
2.00
0.00
0.00
0.70
2.40
6.50
0.00
2.00
0.00
0.00
0.00
0.00
0.00
8.40
0.00
0.00
0.00
0.00
0.00
0.00
0.00
0.00
0.00
0.00
0.00
0.00
0.00
0.00
0.00
0.00
0.00
0.00
0.00
0.00
0.00
0.00
0.00
0.00
0.00
0.00
0.00
0.00
0.00
0.00
0.00
0.00
0.00
0.00
0.00
0.00
0.00
0.00
0.00
0.00
0.00
0.00
0.00
0.00
0.00
0.00
0.00
0.00
0.00
0.00
0.00
0.00
0.00
0.00
0.00
0.00
0.00
0.00
0.00
0.00
0.00
0.00
0.00
0.00
0.00
0.00
0.00
0.00
0.00
0.00
0.00
0.00
0.00
0.00
0.00
1.00
0.00
0.00
0.00
0.00
0.00
0.00
0.00
0.00
0.00
0.00
0.00
0.00
0.00
0.00
0.00
21.00
9.60
0.00
1.00
0.00
0.00
0.00
0.00
2.60
1.00
0.00
0.00
0.00
0.00
0.00
0.00
0.00
0.00
0.00
0.00
0.00
0.00
0.00
0.00
0.00
0.00
0.00
0.00
0.00
0.00
0.00
0.00
0.00
0.00
0.00
0.00
0.00
0.00
7.10
0.80
0.00
2.80
0.00
0.00
0.00
0.00
0.00
0.00
0.00
0.00
0.00
0.00
0.00
0.00
0.00
0.00
0.00
11.00
0.50
14.80
8.80
9.20
7.40
5.40
12.10
0.00
0.00
3.40
3.00
0.00
4.60
2.90
0.00
0.00
0.00
0.00
0.00
1.00
0.00
0.00
0.00
0.00
0.00
0.00
0.00
0.00
0.00
0.00
0.00
0.00
0.00
0.00
0.00
0.00
0.00
0.00
0.00
0.00
0.00
0.00
0.00
0.00
0.00
0.00
0.00
0.00
0.00
0.00
0.00
0.00
0.00
0.00
0.00
0.00
0.00
16.00
0.00
1.00
11.10
2.90
1.40
0.00
0.00
0.00
0.00
0.00
6.60
3.50
0.00
0.00
0.00
0.00
0.00
0.00
0.00
3.50
0.70
2.50
2.00
1.90
8.20
7.50
3.60
4.20
10.80
7.90
10.00
4.60
16.40
3.20
11.40
13.20
6.50
10.80
0.80
11.60
0.00
16.00
1.20
6.20
1.40
8.90
13.00
9.50
6.10
0.00
5.20
3.20
2.20
11.50
3.40
3.90
7.40
16.30
6.20
3.80
0.00
0.00
0.00
0.00
0.00
0.00
17.90
5.10
8.60
15.00
0.00
3.20
11.20
16.80
9.00
4.20
12.20
10.10
7.80
0.00
7.50
9.30
7.40
1.10
0.00
2.50
11.20
17.70
12.40
3.80
2.10
14.20
9.00
2.50
7.30
3.90
21.60
0.00
20.60
45.60
4.20
4.60
3.20
2.50
7.50
12.40
0.00
5.40
2.00
0.90
0.00
0.00
2.30
0.00
0.00
0.00
0.00
0.00
0.00
0.00
0.00
0.00
6.70
0.00
13.80
0.00
15.80
15.40
13.70
0.00
0.00
0.00
0.00
0.00
0.00
0.00
0.00
0.00
0.00
0.00
0.00
5.40
0.00
3.20
1.40
0.00
0.00
0.00
0.00
0.00
4.40
0.00
0.00
0.00
0.00
0.00
1.60
0.00
3.00
0.00
0.00
0.00
0.00
0.00
0.00
0.00
0.00
0.00
0.00
0.00
0.00
0.00
0.00
0.00
0.00
0.00
0.00
0.00
0.00
0.00
0.00
0.00
0.00
0.00
0.00
0.00
0.00
0.00
0.00
0.00
0.00
0.00
0.00
0.00
0.00
0.00
0.00
0.00
2.60
0.00
0.00
0.00
0.00
0.00
0.00
0.00
0.00
0.00
0.00
0.00
0.00
3.60
3.80
4.80
0.00
0.00
0.00
0.00
0.00
0.00
0.00
0.00
0.00
0.00
0.00
0.00
0.00
0.00
0.00
0.00
0.00
0.00
0.00
0.00
0.00
0.00
0.00
0.00
0.00
0.00
0.00
0.00
0.00
0.00
0.00
0.00
0.00
0.00
0.00
0.00
0.00
3.40
0.00
8.30
0.00
0.00
5.40
0.00
0.00
0.00
1.40
0.00
0.00
0.00
0.00
0.00
0.00
0.00
12.50
0.00
0.00
0.20
8.40
1.50
0.00
0.00
0.00
0.00
0.00
0.00
0.00
0.00
0.00
0.00
0.00
0.00
0.00
2.30
0.00
4.40
1.60
0.00
0.00
0.00
0.00
0.00
10.60
0.00
0.00
0.00
0.00
3.20
0.00
13.50
19.70
0.00
0.00
0.00
0.00
0.00
2.60
3.40
5.90
5.60
0.00
0.00
0.00
0.00
0.00
0.00
3.50
0.00
0.00
0.00
4.70
6.30
0.00
0.00
1.90
3.00
3.70
0.00
0.00
0.00
2.10
0.00
0.00
0.00
8.80
0.00
0.00
0.00
0.00
0.00
0.00
0.00
0.00
0.00
0.00
0.00
0.00
0.00
0.00
0.00
0.00
0.00
0.00
21.10
0.00
0.00
0.00
2.70
0.00
11.00
0.00
0.00
4.40
0.00
0.00
0.00
0.00
0.00
0.00
0.00
0.00
12.30
6.00
1.30
0.00
0.00
0.00
11.00
12.40
6.10
0.00
0.00
0.00
25.10
14.20
0.00
0.00
0.00
0.00
0.00
0.00
0.00
0.00
0.00
0.00
1.00
7.60
2.30
4.20
0.00
0.00
0.00
14.20
20.50
8.30
0.00
7.40
5.60
5.60
8.80
3.00
0.00
0.00
0.00
12.30
1.00
3.50
6.20
24.00
17.20
11.20
30.50
18.80
12.40
14.40
0.00
0.00
10.10
0.00
3.30
11.30
5.80
0.50
1.40
0.00
0.00
4.40
23.00
2.30
1.70
0.00
5.40
0.00
2.40
18.80
13.80
21.20
18.30
6.20
13.40
2.40
2.20
1.90
1.50
0.00
0.00
9.90
8.80
13.90
0.00
0.00
4.90
6.50
0.00
1.30
17.60
12.40
0.00
0.00
0.00
0.00
0.00
1.40
0.00
4.20
6.80
9.00
5.60
0.00
0.00
3.80
0.00
0.00
0.00
2.10
0.00
0.00
4.60
6.60
6.30
2.80
6.00
0.00
0.00
3.80
9.60
11.30
4.80
4.00
4.70
0.00
0.00
9.90
0.00
0.00
0.00
0.00
0.00
0.00
3.00
2.40
0.00
0.00
0.00
0.00
6.60
0.00
0.00
0.00
0.00
0.00
0.00
0.00
0.00
0.00
0.00
0.00
0.00
0.00
0.00
0.00
0.00
0.00
0.00
0.00
0.00
0.00
0.00
0.00
0.00
0.00
0.00
0.00
0.00
0.00
0.00
0.00
0.00
0.00
0.00
0.00
0.00
0.00
0.00
0.00
0.00
0.00
0.00
0.00
0.00
0.00
0.00
0.00
0.00
0.50
0.00
0.00
1.50
0.00
0.00
0.00
0.00
0.00
0.00
0.00
0.00
4.30
8.60
0.00
0.00
0.00
0.00
0.00
0.00
0.00
0.00
0.00
0.00
0.00
0.00
0.00
0.00
0.00
2.40
1.40
0.00
0.00
0.00
0.90
0.00
0.00
0.00
0.00
0.00
0.00
0.00
0.00
0.00
0.00
0.00
0.00
0.00
0.00
0.00
0.00
0.00
0.00
0.00
0.00
0.00
0.00
0.00
0.00
6.40
3.30
0.00
0.00
0.00
1.40
2.60
15.10
13.40
0.00
0.00
0.00
0.00
0.00
0.00
6.00
4.90
1.10
4.20
0.00
0.00
0.00
0.00
3.40
12.10
2.20
0.00
0.00
0.00
0.00
0.00
0.00
0.00
0.00
0.00
0.00
0.00
0.00
7.30
9.20
0.00
0.00
0.00
0.00
10.70
19.80
0.00
0.00
0.00
0.00
0.00
6.00
9.80
0.00
0.00
0.00
0.00
8.60
0.00
8.80
10.20
0.00
21.00
14.60
14.20
0.00
5.20
0.70
13.10
0.00
0.00
0.00
0.00
0.00
0.00
0.00
0.00
0.00
0.00
0.00
0.00
4.60
0.00
0.00
0.00
0.00
8.80
4.00
8.10
21.20
6.40
2.20
10.20
5.20
0.00
0.00
0.00
5.90
8.10
4.10
4.40
16.70
4.40
0.00
0.00
0.00
0.00
0.00
1.20
0.00
0.00
0.80
0.40
0.00
0.00
0.00
8.50
12.00
0.00
9.50
0.00
12.00
0.00
11.80
1.60
0.00
0.00
13.70
0.00
16.50
7.40
0.00
0.00
0.00
1.50
0.00
0.00
0.00
1.40
9.80
10.90
0.00
7.20
2.90
1.40
5.20
21.00
8.90
14.50
27.90
1.60
8.20
5.80
27.80
8.00
2.60
0.00
27.80
18.40
14.10
0.00
3.20
8.80
0.00
0.00
1.60
1.20
0.00
7.40
35.30
1.10
0.00
0.00
0.00
0.50
3.00
0.00
3.10
5.80
0.00
4.80
3.00
25.10
15.90
1.90
6.40
9.30
9.80
10.20
27.60
0.60
15.30
12.30
8.50
0.00
0.00
0.00
0.00
0.90
1.00
2.00
0.00
1.20
22.60
2.20
1.80
1.40
13.60
8.80
0.00
0.50
12.00
7.00
0.00
0.00
3.80
7.00
1.20
13.10
1.20
6.20
4.30
10.00
0.00
0.00
0.00
0.00
0.00
0.00
0.00
0.00
0.00
0.00
0.00
0.70
0.00
0.00
0.00
0.00
0.00
5.20
8.00
0.50
0.00
0.00
0.00
0.00
0.00
0.00
0.00
0.00
0.00
0.00
0.00
0.00
0.00
0.00
0.00
0.00
0.00
3.40
0.60
0.00
0.00
4.60
1.90
7.80
0.00
0.00
0.00
0.00
0.00
0.00
0.00
0.00
0.00
0.00
0.00
0.00
0.00
0.00
0.00
0.00
0.00
0.00
0.00
0.00
0.00
0.00
0.00
0.00
0.00
0.00
0.00
0.00
0.00
0.00
0.00
6.80
0.00
0.00
0.00
0.00
0.00
0.00
0.00
0.00
0.00
0.00
0.00
0.00
0.00
0.00
0.00
0.00
0.00
0.00
0.00
0.00
0.00
0.00
0.00
0.00
0.00
0.00
0.00
0.00
0.00
0.00
0.00
0.00
0.00
0.00
0.00
0.00
0.00
2.40
0.00
0.00
0.00
0.00
0.00
0.00
0.00
0.00
0.00
0.00
0.00
0.00
0.00
2.40
0.00
0.00
0.00
0.00
0.00
0.00
0.00
0.00
0.00
0.00
0.00
0.00
0.00
0.00
0.00
0.00
1.00
0.00
0.00
0.00
0.00
0.00
0.00
0.00
0.00
2.00
0.00
0.00
0.00
0.00
3.30
4.40
0.00
2.10
1.00
1.50
0.00
0.00
0.00
0.00
0.00
1.10
1.00
23.30
4.00
0.00
0.00
0.00
0.00
0.00
0.00
0.80
2.00
13.50
0.00
0.00
0.00
0.00
0.00
0.00
0.00
0.00
0.00
0.00
0.00
0.00
0.00
0.00
0.00
0.00
0.00
0.00
0.00
0.00
0.00
0.00
0.00
0.00
3.20
12.00
0.00
0.00
0.00
0.00
0.00
0.00
0.00
0.00
0.00
0.00
2.60
6.80
0.00
0.00
16.20
0.00
0.00
0.00
0.00
0.00
0.00
0.00
0.00
0.00
0.00
0.00
0.00
0.00
0.00
0.00
0.00
0.00
4.20
0.00
0.00
0.00
0.00
0.00
0.00
0.00
5.50
0.00
0.00
3.50
0.60
0.00
5.70
0.70
0.00
0.00
0.00
4.90
0.00
17.30
22.90
11.80
31.00
3.50
0.00
1.90
8.70
12.60
3.20
3.40
1.90
11.50
10.60
3.10
10.60
0.50
1.00
5.00
5.00
2.20
15.10
2.70
4.50
3.90
12.90
2.60
11.80
8.30
2.10
7.00
8.20
29.20
4.70
12.50
7.80
0.00
14.30
0.00
0.00
0.00
0.00
0.00
9.20
2.70
18.00
19.90
9.20
11.20
9.90
6.20
21.70
16.20
5.70
2.40
2.80
0.00
0.00
5.30
25.70
16.80
0.00
0.00
0.00
0.00
0.00
0.00
0.00
0.00
0.00
0.00
0.00
1.80
0.00
0.00
0.00
8.50
14.40
4.20
1.20
10.30
2.50
0.00
0.00
0.00
0.00
0.00
0.00
1.40
0.00
0.00
0.00
22.20
13.30
3.80
0.00
11.80
0.00
0.70
8.00
1.50
0.40
0.00
0.00
6.40
0.40
0.00
0.00
0.00
0.00
0.00
0.00
0.00
0.00
0.00
3.80
9.60
16.50
1.20
0.00
0.00
0.00
0.00
0.00
0.00
0.00
0.00
0.00
0.00
10.60
0.00
0.00
6.20
0.00
0.00
0.00
0.00
0.00
0.00
0.00
0.00
0.00
0.00
0.00
0.00
0.00
0.00
0.00
0.00
0.00
0.00
0.00
0.00
0.00
0.00
0.00
0.00
0.00
0.00
0.00
0.00
0.00
0.00
0.00
0.00
0.00
0.00
0.00
0.00
0.00
0.00
0.00
0.00
0.00
0.00
0.00
0.40
0.00
0.00
0.00
0.00
0.00
0.00
0.00
0.00
0.40
0.00
0.00
0.00
0.00
0.00
0.00
2.80
3.80
1.00
0.90
0.00
0.00
0.00
0.00
0.00
0.00
0.00
0.00
0.00
0.00
0.00
0.00
3.40
0.00
0.00
0.00
0.00
0.00
0.00
0.00
0.00
0.80
0.00
0.00
0.00
0.00
0.00
0.00
0.00
0.00
0.00
0.00
0.00
0.00
0.00
0.00
0.00
0.00
0.00
0.00
0.00
0.00
0.00
2.20
0.00
0.00
0.00
6.50
0.00
3.00
12.00
0.00
0.00
0.00
0.00
0.00
0.00
0.00
0.00
0.00
0.00
0.00
0.00
0.00
0.00
9.40
13.40
0.00
0.00
0.00
0.00
0.00
0.00
0.00
0.00
0.00
0.00
0.00
0.00
0.00
0.00
0.00
0.00
0.00
9.80
0.00
5.80
1.40
1.80
0.00
0.00
0.00
0.00
0.00
0.00
3.80
0.00
0.00
0.00
0.00
0.00
0.00
0.00
10.20
0.00
0.00
1.40
0.00
0.00
0.00
0.00
0.00
0.00
0.00
0.00
0.00
0.00
0.00
0.00
0.00
0.80
0.00
0.00
0.00
15.70
7.20
0.60
0.00
0.00
0.00
0.00
0.00
0.00
0.60
0.00
0.80
0.00
0.00
2.80
0.00
0.00
0.00
0.70
0.00
0.00
0.00
0.00
0.00
0.00
0.00
0.00
0.00
0.00
0.00
0.00
0.00
16.80
6.90
3.20
0.00
0.00
0.00
10.90
0.20
7.40
0.00
0.00
6.60
2.20
5.20
0.00
0.00
0.00
4.20
0.00
3.80
0.00
8.70
12.20
2.80
4.20
10.50
6.40
0.00
0.00
0.00
7.10
9.60
21.40
19.90
0.00
0.40
2.00
0.00
0.00
3.60
0.00
3.70
3.90
2.80
1.20
0.00
0.00
0.00
2.40
1.90
0.00
0.00
1.80
8.40
2.60
12.20
10.00
0.00
0.00
15.60
0.00
10.20
13.20
11.20
15.10
11.40
17.60
16.30
9.70
1.80
20.30
0.00
2.60
17.60
14.50
0.00
5.30
0.00
9.90
0.00
0.00
0.00
1.90
0.00
0.00
0.00
0.00
0.00
0.00
0.00
0.00
0.00
5.00
20.60
0.00
0.00
0.00
0.00
0.00
0.00
2.00
0.00
0.00
17.20
0.00
4.00
0.00
0.00
0.00
0.00
14.80
7.10
27.00
3.40
8.30
1.50
0.00
0.00
9.90
0.00
1.40
0.00
0.00
0.00
0.00
0.00
0.00
0.00
0.00
0.00
0.00
0.00
0.00
0.00
0.00
0.00
0.00
0.00
0.00
0.00
0.00
0.00
0.00
0.00
0.00
0.00
0.00
0.00
0.00
0.00
0.00
0.00
0.00
0.00
0.00
0.00
0.00
0.00
0.00
0.00
0.00
0.00
0.00
0.00
0.00
0.00
0.00
0.00
0.00
0.00
0.00
0.00
0.00
0.00
0.00
0.00
0.00
0.00
0.00
0.00
0.00
0.00
0.00
0.00
0.00
0.00
0.00
0.00
0.00
0.00
0.00
0.00
0.00
0.00
0.00
0.00
0.00
0.00
0.00
0.00
0.00
0.00
0.00
0.00
0.00
0.00
0.00
0.00
0.00
0.00
0.00
0.00
0.00
0.00
0.00
0.00
0.00
0.00
0.00
0.00
0.00
0.00
0.00
0.00
0.00
0.00
0.00
0.00
0.00
0.00
0.00
0.00
0.00
0.00
0.00
0.00
0.00
0.00
0.00
0.00
0.00
2.60
0.00
0.00
0.00
0.00
0.00
0.00
0.00
0.00
0.00
0.00
0.00
0.00
0.00
0.00
0.00
0.00
0.00
0.00
0.00
0.00
0.00
0.00
0.00
0.00
0.00
0.00
0.00
0.00
0.00
0.00
0.00
21.40
0.80
0.00
0.00
0.00
0.00
0.50
8.70
0.00
0.00
0.00
3.20
0.00
0.00
0.00
0.00
0.00
0.00
0.00
0.00
0.00
0.00
0.00
0.00
0.00
0.00
0.00
0.00
1.60
1.80
6.40
1.20
14.50
0.70
0.00
22.80
0.00
4.10
2.60
3.40
0.00
0.00
0.70
4.60
0.00
0.00
10.50
0.00
0.00
0.00
0.00
0.00
0.00
0.00
0.00
0.00
0.00
0.00
0.00
0.00
5.50
0.00
0.00
1.50
1.90
0.00
0.00
0.00
10.60
0.00
0.00
0.00
4.30
1.80
6.70
5.80
3.10
0.00
0.00
24.90
1.60
0.00
0.00
0.00
0.00
0.00
0.00
0.00
1.70
0.00
0.00
0.00
0.00
0.00
0.00
1.30
0.00
3.90
0.00
12.70
6.10
0.00
4.60
0.00
4.30
0.00
0.00
0.00
1.30
8.70
11.20
13.40
8.20
8.40
15.60
7.30
17.60
12.00
7.00
5.10
0.00
0.00
0.00
0.00
2.40
8.40
9.20
13.40
3.20
23.40
5.20
15.80
3.90
17.60
0.90
0.00
17.00
12.70
10.30
4.80
6.00
19.90
10.70
27.60
7.80
1.40
1.80
0.00
0.00
1.60
0.50
0.00
7.90
6.90
13.90
12.10
7.60
1.80
3.10
0.00
0.00
0.00
0.00
0.00
4.40
2.50
0.00
0.00
0.00
0.00
0.00
0.00
0.00
0.00
3.40
2.40
17.20
6.90
5.20
0.00
0.00
0.00
0.00
0.00
4.20
0.00
0.00
0.00
0.00
0.00
3.70
2.50
6.60
5.30
10.60
11.20
7.30
8.80
8.20
15.80
11.00
0.00
0.00
0.00
3.00
0.80
0.00
0.00
0.40
3.70
2.10
11.40
1.70
0.00
0.00
0.00
0.00
0.00
0.00
5.80
3.90
4.70
0.00
0.00
0.00
0.00
0.00
0.00
0.00
0.00
0.00
0.00
0.00
0.00
0.00
0.00
0.00
0.00
0.00
0.00
0.00
0.00
0.00
0.00
0.00
0.00
0.00
0.00
0.00
0.00
0.00
0.00
0.00
0.00
0.00
0.00
0.00
0.00
0.00
0.00
0.00
0.00
0.00
0.00
0.00
0.00
1.20
6.20
0.00
0.00
0.00
0.00
0.00
0.00
0.00
0.00
0.00
0.00
0.00
0.00
0.00
0.00
0.00
0.00
0.00
0.00
0.00
0.00
0.00
0.00
0.00
0.00
0.00
0.00
0.00
0.00
0.00
0.00
0.00
0.00
0.00
0.00
0.00
0.00
0.00
0.00
0.00
0.00
0.00
0.00
0.00
0.00
0.00
0.00
0.00
0.00
0.00
0.00
0.00
0.00
0.00
0.00
0.00
0.00
0.00
0.00
0.00
0.00
0.00
0.00
0.00
0.00
0.00
0.00
0.00
0.00
0.00
0.00
1.10
0.00
0.00
0.00
5.20
0.00
0.00
0.00
0.00
0.60
0.00
0.00
0.00
2.30
0.00
0.00
0.00
0.00
0.00
0.00
0.00
0.00
0.00
0.00
0.00
0.00
0.00
0.00
0.00
0.00
0.00
0.00
0.00
0.00
0.00
3.60
0.00
0.00
0.00
0.00
0.00
0.00
0.00
0.00
0.00
3.80
15.20
0.00
9.40
0.00
0.00
0.00
0.00
0.00
0.00
0.00
0.00
0.00
0.00
0.00
0.30
3.20
0.00
0.00
0.00
0.00
0.00
0.00
0.00
0.00
0.00
0.50
7.50
0.00
0.00
0.00
10.50
0.00
2.30
1.60
0.00
0.00
0.00
0.00
1.80
3.50
0.00
17.20
14.10
0.80
18.00
3.80
0.00
0.00
0.00
0.00
0.00
0.00
0.00
0.00
0.00
0.00
0.00
6.20
0.00
0.00
0.00
0.80
0.00
0.00
2.80
6.40
0.00
0.00
1.40
0.00
0.00
1.50
0.00
0.00
0.00
0.00
0.00
0.00
0.00
0.00
7.20
1.40
4.70
3.40
7.00
1.20
0.00
0.00
0.00
0.00
1.20
16.20
1.60
7.60
0.00
4.70
0.00