0.00
14.90
0.00
11.90
12.80
21.60
14.70
4.50
0.00
5.70
0.00
0.00
0.00
0.00
0.00
4.50
0.00
0.00
4.30
0.00
2.30
0.00
0.00
0.00
0.00
0.00
6.70
8.50
1.20
10.00
2.10
4.30
7.50
25.40
4.80
6.50
0.00
2.80
0.00
1.20
0.00
0.00
5.80
4.50
8.90
17.20
15.90
2.40
6.60
0.00
0.00
0.00
0.00
0.00
5.70
3.20
0.00
0.00
0.00
3.50
3.70
11.90
0.00
8.70
0.00
0.00
0.00
3.40
12.00
7.10
0.00
0.00
4.10
4.30
2.30
1.20
32.50
0.00
2.70
2.20
2.90
2.70
29.20
0.00
13.40
4.40
4.10
0.00
0.00
4.50
1.50
2.80
0.00
0.00
2.30
0.00
3.20
0.00
0.00
0.00
0.00
0.00
0.00
0.00
0.00
11.70
9.20
4.50
3.90
1.20
2.20
0.00
0.00
0.00
0.00
0.00
0.00
3.90
0.00
1.20
7.80
2.20
0.00
0.00
0.00
0.00
0.00
0.00
0.00
0.00
0.00
0.00
0.00
0.00
0.00
0.00
0.00
0.00
0.00
0.00
0.00
3.20
0.00
0.00
0.00
0.00
0.00
0.00
0.00
0.00
0.00
0.00
0.00
0.00
0.00
0.00
0.00
0.00
0.00
0.00
4.90
0.00
0.00
0.00
0.00
0.00
0.00
0.00
0.00
0.00
0.00
0.00
0.00
0.00
0.00
0.00
0.00
0.00
0.00
0.00
0.00
0.00
0.00
0.00
0.00
0.00
0.00
3.40
0.00
0.00
0.00
0.00
0.00
0.00
0.00
0.00
0.00
0.00
0.00
0.00
0.00
0.00
0.00
0.00
0.00
0.00
0.00
0.00
0.00
0.00
0.00
0.00
0.00
0.00
0.00
0.00
0.00
0.00
0.00
0.00
0.00
0.00
0.00
0.00
0.00
0.00
0.00
0.00
0.00
0.00
0.00
0.00
0.00
0.00
0.00
0.00
0.00
0.00
0.00
0.00
0.00
0.00
0.00
2.60
3.90
3.80
4.80
0.00
0.00
0.00
0.00
0.00
0.00
0.00
0.00
0.00
0.00
2.80
11.40
4.30
0.50
2.30
7.60
4.50
8.80
0.00
0.00
0.00
0.00
0.00
1.60
1.80
0.00
0.00
0.00
8.40
2.90
9.10
0.00
0.00
3.30
2.80
0.00
1.30
0.00
2.10
6.50
4.50
0.00
3.50
0.00
0.00
0.00
0.00
9.80
0.00
0.00
0.00
0.00
0.00
0.00
2.80
1.30
5.40
0.00
0.00
0.00
0.00
0.00
0.00
0.00
0.00
8.40
2.70
0.00
0.00
0.00
1.20
3.90
14.70
0.00
0.00
0.00
0.00
0.00
0.00
0.00
0.00
0.00
13.20
0.00
0.00
0.00
0.00
0.00
0.00
0.00
0.00
0.00
2.70
0.00
0.00
21.30
3.80
1.20
0.00
5.20
0.00
27.20
6.70
5.40
0.00
0.00
0.00
0.00
0.00
0.00
0.00
0.00
0.00
6.90
4.80
0.00
0.00
3.70
2.70
0.00
0.00
9.50
14.80
0.00
0.00
0.00
0.00
0.00
0.00
0.00
0.00
0.00
6.70
4.70
16.20
0.00
2.30
1.50
15.90
1.90
0.00
1.30
1.70
11.50
8.70
16.30
20.80
2.70
5.50
5.90
13.90
0.00
4.70
5.80
15.30
0.00
9.50
16.70
4.90
5.80
4.50
0.00
0.00
0.00
0.00
0.00
0.00
1.80
0.00
1.50
11.60
1.80
2.80
0.00
0.00
5.90
0.00
3.50
0.00
0.00
0.00
2.90
4.80
2.80
0.00
0.00
14.70
10.20
3.70
15.50
0.00
0.00
0.00
5.90
0.00
0.00
0.00
0.00
0.00
2.50
0.00
0.00
0.00
0.00
0.00
0.00
0.00
1.80
0.00
7.80
0.00
0.00
0.00
0.00
0.00
0.00
0.00
0.00
0.00
0.00
0.00
0.00
3.70
0.00
7.90
0.00
0.00
7.10
0.00
0.00
0.00
0.00
0.00
0.00
0.00
0.00
0.00
0.00
0.00
0.00
0.00
5.80
0.00
4.90
0.00
0.00
0.00
0.00
0.00
0.00
0.00
0.00
0.00
0.00
0.00
0.00
0.00
0.00
0.00
0.00
0.00
0.00
0.00
0.00
0.00
0.00
0.00
0.00
0.00
0.00
0.00
0.00
0.00
0.00
0.00
8.70
6.70
4.20
0.00
0.00
0.00
0.00
0.00
0.00
0.00
0.00
0.00
0.00
0.00
0.00
0.00
0.00
0.00
0.00
0.00
0.00
0.00
0.00
0.00
0.00
0.00
0.00
0.00
0.00
0.00
0.00
0.00
0.00
0.00
0.00
0.00
0.00
0.00
0.00
0.00
0.00
0.00
0.00
0.00
0.00
0.00
0.00
0.00
0.00
0.00
0.00
5.40
0.00
0.00
0.00
0.00
0.00
0.00
0.00
0.00
0.00
0.00
0.00
0.00
0.00
1.00
3.00
0.00
0.00
7.40
1.00
0.00
7.00
0.00
0.00
0.00
7.00
0.00
1.00
11.90
0.00
0.00
0.00
0.00
0.00
1.00
0.00
0.00
0.00
0.00
0.00
0.00
0.00
0.00
0.00
0.00
4.50
0.00
0.00
7.60
0.00
1.00
0.00
0.00
0.00
0.00
0.00
4.80
10.60
0.00
0.00
0.00
0.00
0.00
0.00
0.00
0.00
0.00
0.00
0.00
0.00
0.00
0.50
0.00
1.00
6.50
0.00
21.60
2.80
0.50
7.50
17.30
6.00
6.50
0.00
0.50
0.00
9.50
8.00
0.00
8.80
3.00
1.40
5.20
0.50
6.00
2.50
0.00
0.00
5.10
0.00
2.00
0.00
3.00
0.00
0.00
7.80
0.00
0.00
0.00
0.00
0.00
0.50
0.00
0.00
0.00
0.00
0.00
0.00
0.00
0.50
0.00
0.00
0.00
1.00
0.00
3.00
0.00
0.00
0.00
5.00
19.50
9.30
4.50
2.00
4.00
4.80
12.50
11.00
0.00
0.00
0.00
3.70
1.00
0.50
0.00
0.00
0.00
3.00
9.10
4.50
10.60
2.00
5.80
0.00
0.50
0.00
8.00
3.40
4.10
6.30
10.40
3.00
5.00
5.40
5.20
10.20
5.60
14.20
3.00
3.10
1.90
0.00
24.20
1.50
3.30
2.50
4.00
3.50
1.50
1.50
8.00
2.70
5.40
4.00
6.00
8.30
5.50
4.30
1.00
2.50
1.00
0.00
0.00
0.00
0.00
0.00
0.00
0.00
0.00
0.00
0.00
0.50
1.00
0.00
3.00
2.00
5.20
10.00
5.00
3.40
1.50
1.80
0.50
12.40
6.00
2.70
0.00
0.00
12.30
10.00
16.50
15.60
8.60
14.40
16.40
5.90
11.90
8.50
0.00
0.00
10.20
17.50
0.00
10.30
11.60
17.60
5.20
15.50
0.00
0.00
2.90
0.00
7.90
5.30
4.50
4.10
0.00
0.00
0.00
0.00
0.00
2.70
4.80
0.00
3.00
0.00
3.60
4.00
2.80
0.00
0.00
0.00
0.00
0.00
0.00
0.00
0.00
0.00
0.00
0.00
8.90
0.00
0.00
0.00
0.00
0.00
0.00
0.00
0.00
0.00
0.00
0.00
0.00
0.00
0.50
0.00
0.00
0.00
1.00
0.00
0.00
27.20
0.00
4.90
0.00
0.00
4.00
0.00
0.00
0.00
0.00
0.00
0.00
0.00
0.00
0.00
0.00
0.00
0.00
0.00
0.00
0.00
0.00
0.00
0.00
0.00
0.00
0.00
0.00
0.00
0.00
0.00
0.00
0.00
0.00
0.00
0.00
0.00
0.00
0.00
6.80
0.00
0.00
0.00
0.00
0.00
0.00
0.00
0.00
0.00
0.00
0.00
1.20
0.20
6.40
2.60
0.00
0.00
0.00
0.00
0.00
0.00
0.00
0.00
0.00
0.00
0.00
0.00
0.00
0.00
0.00
0.00
0.00
7.20
0.00
0.00
1.60
0.00
0.00
0.00
0.00
0.00
0.00
0.00
0.00
0.00
0.00
2.50
0.00
0.00
0.00
0.00
0.00
0.00
9.20
4.70
4.60
4.20
6.20
0.00
0.00
0.00
0.00
1.30
0.00
0.00
0.00
0.00
0.00
0.00
0.00
0.00
4.30
0.00
5.20
0.00
0.00
0.00
0.00
0.00
0.00
0.00
8.30
6.90
6.60
0.00
0.00
0.00
0.00
0.00
0.00
4.70
0.00
0.00
0.00
0.00
0.00
0.00
0.00
0.00
6.20
0.00
0.00
0.00
22.10
0.00
14.70
0.00
0.00
0.00
0.00
11.30
4.40
0.00
13.20
4.80
0.00
0.00
0.00
0.00
0.00
0.00
0.00
0.00
0.00
0.00
4.80
0.00
0.00
6.80
0.00
0.00
2.60
12.20
10.00
3.20
17.00
0.00
9.90
9.50
6.00
0.00
0.00
0.00
0.00
0.00
10.60
0.00
0.00
0.00
0.00
0.00
12.60
0.00
0.00
0.00
0.00
0.00
6.70
2.30
0.00
0.00
0.00
0.00
0.00
0.00
1.00
0.00
3.10
4.20
0.00
0.00
2.90
0.00
0.00
0.00
0.00
0.00
9.00
28.10
3.00
0.00
0.00
0.00
0.00
0.00
10.40
0.00
0.00
0.00
0.00
9.90
2.40
0.00
0.00
1.30
2.60
5.00
8.40
0.00
6.60
0.00
0.00
1.00
10.00
0.00
0.00
4.80
4.30
5.50
1.30
5.80
0.00
3.20
2.10
3.20
0.80
0.00
1.90
0.00
3.50
2.60
0.00
9.30
7.30
3.60
6.50
4.60
0.00
34.40
0.50
9.00
4.00
9.00
0.40
7.30
4.50
1.70
5.70
9.00
4.60
8.90
5.30
11.40
8.00
5.20
2.90
0.00
11.90
7.10
9.50
7.20
8.90
9.30
9.10
8.90
9.00
0.00
6.80
1.00
4.30
4.20
7.40
3.00
1.00
3.00
4.70
5.90
10.70
1.20
5.40
9.30
0.00
0.00
0.00
0.00
0.00
0.00
0.00
6.40
2.30
2.60
5.90
3.00
1.00
0.00
0.00
0.00
2.40
2.80
0.00
0.00
3.90
4.00
3.40
0.00
0.00
4.30
0.00
0.00
1.60
2.90
0.00
0.00
10.70
2.80
2.80
1.40
7.30
3.30
0.00
0.00
0.00
0.00
0.00
0.00
0.00
0.00
0.00
0.00
0.00
2.00
5.00
0.00
0.00
0.00
0.00
0.00
1.00
18.20
0.00
0.00
0.00
0.00
0.00
0.00
0.00
0.00
0.00
0.00
0.00
0.00
0.00
0.00
0.00
0.00
0.00
0.00
0.00
0.00
0.00
0.00
0.00
0.00
0.00
0.00
0.00
0.00
0.00
0.00
0.00
0.00
0.00
0.00
0.00
0.00
0.00
0.00
0.10
0.40
0.00
0.00
0.30
0.00
0.00
0.00
0.20
0.10
0.10
0.00
4.40
5.90
5.50
5.00
5.80
0.00
3.90
4.90
0.00
0.00
0.00
1.40
0.00
0.00
0.00
0.00
0.00
0.00
0.00
0.00
0.70
0.00
0.00
0.00
0.00
0.00
0.00
0.00
0.00
0.00
0.00
0.00
0.00
0.00
0.20
0.00
3.90
0.00
0.00
0.00
0.00
5.60
1.90
0.00
0.00
0.00
0.00
0.40
1.00
1.00
0.20
3.50
0.00
0.00
0.00
2.20
0.00
13.80
6.90
5.90
0.00
0.00
0.00
0.00
0.00
1.70
1.80
4.50
2.20
0.80
0.20
0.00
0.00
5.20
0.00
0.00
0.00
0.00
0.00
0.00
0.00
0.50
0.00
0.00
0.00
0.00
0.00
0.00
0.00
0.00
3.00
5.00
8.90
3.40
5.60
11.80
8.40
0.00
5.40
6.20
3.40
1.00
0.00
0.00
0.00
0.00
0.00
3.90
0.40
2.70
5.10
10.80
10.10
4.90
1.30
10.20
0.40
5.80
7.60
0.80
4.50
0.00
0.00
1.30
0.00
0.00
2.60
0.00
0.00
0.00
0.00
0.00
0.00
3.00
2.60
0.40
0.00
6.30
0.00
5.20
15.00
5.60
3.30
22.80
0.60
0.00
0.00
12.80
0.00
0.00
7.20
10.00
3.20
1.60
0.00
0.00
12.10
0.00
0.00
0.00
2.40
0.00
0.00
4.00
0.50
3.50
0.00
7.20
3.00
0.00
7.40
9.00
0.00
2.70
2.80
3.10
0.00
0.00
3.80
3.00
0.00
1.60
0.00
2.20
0.00
1.00
0.00
3.60
5.00
0.00
23.50
3.10
3.40
3.00
1.60
3.30
2.60
61.10
4.00
1.00
2.00
0.00
1.20
28.40
0.00
0.00
0.00
4.60
10.50
0.80
0.00
2.60
3.00
3.50
2.00
15.80
0.00
10.40
0.00
4.20
0.00
3.80
4.00
4.00
0.00
3.00
5.10
7.50
9.60
5.40
2.10
5.50
25.70
2.50
0.00
0.50
14.60
6.00
9.20
7.70
6.70
12.80
5.40
0.00
2.30
0.90
15.90
3.10
0.00
21.50
9.10
0.00
1.60
2.70
0.00
5.30
3.40
14.30
0.00
0.00
2.00
0.00
0.00
0.00
0.00
0.00
0.00
0.50
0.00
10.00
2.80
6.50
3.20
0.80
0.00
4.10
0.00
10.80
4.90
6.10
0.00
1.60
0.00
0.00
0.00
0.00
0.00
4.30
0.00
0.00
0.00
0.00
0.00
0.00
0.00
0.00
0.00
0.00
0.00
0.00
0.00
0.00
0.00
0.00
0.00
0.00
0.00
4.40
0.00
0.00
1.80
0.00
0.00
0.00
0.00
0.00
4.40
0.00
0.00
3.00
0.00
0.00
0.00
0.00
0.00
0.00
0.00
0.00
0.00
0.00
0.00
0.00
0.00
0.00
0.00
0.00
0.00
0.00
0.00
0.00
0.00
0.00
0.00
0.00
0.00
0.00
0.00
6.80
0.00
0.00
0.00
0.00
0.00
0.00
0.00
0.00
0.00
0.00
0.00
0.00
0.00
0.00
0.00
0.00
0.00
0.00
0.00
0.00
0.00
0.00
0.00
0.00
0.00
0.00
0.00
0.00
0.00
0.00
0.00
0.00
0.00
0.00
0.00
0.00
0.00
0.00
0.00
0.00
0.00
0.00
0.00
0.00
0.00
0.00
0.00
0.00
5.40
0.70
14.40
2.80
0.00
0.20
0.00
0.00
0.00
0.00
0.00
0.00
0.00
0.00
0.00
0.00
0.00
0.00
0.00
6.00
0.00
0.00
0.00
0.00
0.00
0.00
0.00
0.00
0.00
0.00
2.90
0.00
0.00
0.00
0.00
2.80
0.00
1.60
0.70
0.00
0.00
0.00
0.00
0.00
0.00
0.00
0.00
3.30
5.20
0.00
0.00
0.00
0.60
0.00
0.00
0.00
0.00
10.90
0.00
0.00
0.00
0.00
0.80
0.00
0.00
4.00
0.00
0.00
0.00
0.00
0.00
0.00
0.00
0.00
0.00
2.00
2.60
3.00
0.00
9.90
0.00
6.00
1.80
0.90
0.00
2.00
0.00
11.60
9.90
0.00
1.70
0.00
0.00
4.90
4.90
2.20
2.20
2.10
12.60
4.50
5.00
0.60
0.00
0.00
0.00
0.00
0.00
0.00
0.00
2.00
0.00
0.00
8.60
5.50
6.30
0.00
0.00
1.00
0.80
1.00
0.00
0.00
0.00
0.00
14.80
0.00
0.70
15.20
2.80
0.00
9.00
2.00
0.00
1.40
0.00
0.00
1.90
10.00
8.00
2.40
1.00
10.10
9.10
0.50
18.50
3.20
5.90
10.60
7.00
14.30
2.00
12.30
13.80
5.50
23.90
22.70
5.10
4.90
13.90
4.80
17.00
4.80
2.40
2.60
15.20
30.60
16.70
1.20
1.80
7.30
0.00
0.00
0.00
0.00
0.00
0.00
0.00
0.00
0.00
0.00
0.00
0.00
9.60
4.50
5.60
0.00
4.60
8.00
2.30
0.00
2.30
0.00
0.00
0.00
0.00
1.20
2.60
10.10
1.90
2.20
0.00
0.00
0.00
0.00
0.00
0.00
0.00
0.00
0.00
0.00
0.00
0.00
0.00
0.00
0.00
0.00
2.40
3.50
0.00
0.00
0.00
0.00
0.00
0.00
0.00
0.00
0.00
0.00
0.00
0.00
0.00
14.70
6.60
0.00
2.10
5.50
0.00
1.00
9.50
4.00
12.60
0.00
0.00
0.00
0.00
0.00
0.00
0.00
0.00
0.00
0.00
0.00
0.00
0.00
0.00
6.40
11.20
0.00
2.90
0.80
0.00
5.60
0.00
0.00
0.00
0.00
2.20
0.00
0.00
0.00
5.20
6.20
0.00
0.00
0.00
0.00
0.00
0.00
0.00
0.00
0.00
0.00
0.00
0.00
0.00
0.00
0.00
0.00
5.20
0.00
0.00
0.00
0.00
0.00
0.00
2.40
0.00
0.00
0.00
0.00
0.00
0.00
0.00
0.00
0.00
2.20
0.00
0.00
0.00
0.00
0.00
0.00
0.00
0.00
0.00
0.00
3.40
2.60
0.00
2.20
2.40
3.40
0.80
0.00
0.80
0.30
1.00
0.00
0.00
0.00
0.00
0.00
0.00
0.00
0.00
0.00
0.00
0.00
0.00
0.00
0.00
0.00
0.00
0.00
0.00
1.00
0.00
2.20
0.00
0.00
0.00
0.00
0.00
0.00
0.00
0.00
0.00
1.00
2.20
0.00
0.00
0.00
0.00
0.00
0.00
0.00
0.00
1.20
0.00
0.00
0.00
0.00
0.00
0.00
0.00
1.80
0.00
0.00
0.00
3.10
2.40
0.00
0.00
6.20
0.00
0.00
2.20
1.60
0.00
3.80
0.00
0.00
0.00
0.00
0.00
3.20
0.00
8.50
2.20
9.10
0.00
0.40
0.00
0.00
0.00
0.00
5.70
0.00
1.20
1.00
0.00
0.00
0.00
0.00
0.00
0.00
0.00
0.00
3.40
9.00
3.50
5.60
0.00
0.00
3.20
2.50
3.50
1.20
5.70
1.30
0.00
0.00
0.00
0.70
0.00
0.00
0.00
0.00
0.00
0.00
1.60
1.80
0.00
1.20
0.00
0.00
0.00
0.00
0.00
0.00
0.00
0.80
0.00
1.10
0.00
4.00
2.40
12.20
9.70
8.00
0.50
0.00
0.00
0.00
0.00
4.80
5.20
0.00
1.50
0.80
10.20
3.70
2.80
0.00
4.70
0.00
0.00
0.00
0.80
0.60
0.00
0.00
0.00
0.00
0.00
3.40
1.80
0.00
0.00
0.00
0.60
0.90
0.00
0.60
0.80
3.80
8.00
8.10
0.00
0.00
0.00
0.00
0.00
0.00
0.00
6.00
0.00
0.00
0.00
0.00
1.00
0.00
0.00
0.00
0.00
6.40
3.70
0.00
5.00
5.20
0.80
0.00
2.20
11.40
12.10
14.20
14.20
14.40
19.20
12.80
0.20
0.00
11.40
0.00
0.00
5.70
7.40
0.00
0.00
1.80
0.00
0.00
0.00
0.00
0.00
0.00
0.00
3.20
5.60
5.60
5.00
11.00
5.80
6.80
4.80
6.40
8.70
9.60
6.30
5.00
5.40
4.80
2.60
4.60
7.00
13.50
4.90
0.00
0.00
0.00
3.50
1.20
0.80
1.00
2.80
2.00
4.00
3.20
4.00
0.00
7.30
3.60
0.00
1.90
6.80
1.20
0.00
0.00
0.00
0.00
2.40
0.00
2.60
6.60
4.40
3.60
0.00
0.00
6.00
2.60
2.80
6.00
6.20
5.60
4.00
3.60
8.20
2.80
3.70
0.00
0.00
0.00
0.00
0.00
0.00
0.00
0.00
1.40
1.00
0.00
0.00
0.00
0.00
0.00
0.00
0.00
0.00
0.00
0.00
0.00
0.00
0.00
0.00
0.00
0.00
0.00
0.00
0.00
0.00
0.00
0.00
0.00
0.00
0.00
0.00
0.80
0.00
0.00
0.00
0.00
0.00
0.00
0.00
0.00
0.00
0.00
0.00
0.00
0.00
0.00
0.00
0.00
0.00
0.00
0.00
0.00
0.00
0.00
0.00
0.00
0.00
0.00
0.00
0.00
0.00
0.00
0.00
0.00
0.00
0.00
0.00
0.00
0.00
0.00
0.00
0.00
0.00
0.00
0.00
0.00
0.00
0.00
0.00
0.00
0.00
0.00
0.00
0.00
0.00
0.00
0.00
0.00
0.00
0.00
0.00
0.00
0.00
0.00
0.00
0.00
0.00
0.00
0.80
1.60
0.00
0.00
0.00
0.00
0.00
0.00
0.00
0.00
0.00
0.00
0.00
0.00
0.00
0.00
0.00
0.00
0.00
1.80
0.00
0.00
0.00
0.00
0.00
0.00
0.00
0.00
0.00
0.00
0.00
0.00
0.00
0.00
0.00
0.00
0.00
0.00
0.00
0.00
0.00
0.00
0.00
0.00
0.00
0.00
0.00
0.00
0.00
0.00
0.00
0.00
6.40
0.00
4.20
0.00
0.00
3.30
0.00
0.00
2.00
0.00
0.00
0.00
0.00
0.00
0.00
0.00
0.00
0.00
0.00
0.00
1.10
1.20
0.00
1.90
3.50
0.40
2.00
7.70
9.30
1.20
6.60
14.00
4.00
5.60
0.00
0.80
0.40
3.60
19.10
0.10
0.70
4.10
0.00
0.00
12.10
3.50
0.40
0.00
3.50
0.20
0.00
0.00
2.80
2.80
0.00
0.00
0.00
0.00
1.00
6.00
8.70
1.90
7.00
0.00
0.40
2.70
0.00
0.00
1.00
0.00
3.10
6.60
0.20
3.90
9.30
0.00
1.50
9.30
10.60
7.30
0.00
0.00
0.00
1.20
0.80
3.80
3.70
6.00
0.00
4.20
0.00
0.90
6.50
0.00
0.00
0.00
0.00
4.60
5.60
2.00
0.00
0.20
0.00
0.00
0.00
0.50
0.00
1.00
0.30
0.50
2.90
7.00
7.60
5.00
5.20
2.20
5.40
6.20
4.80
0.00
0.00
0.00
0.00
2.00
8.00
10.00
7.80
8.00
14.50
8.80
3.00
8.00
8.00
12.00
11.80
16.20
12.90
12.40
0.60
40.90
10.70
7.90
0.90
0.50
2.70
0.00
0.00
0.00
0.50
0.00
0.00
0.90
12.30
5.10
6.40
0.00
4.00
0.00
0.00
6.40
0.00
0.00
0.00
0.00
0.00
2.90
0.00
0.00
0.00
0.00
0.00
0.00
0.00
15.00
5.00
0.00
0.00
0.50
0.00
0.00
0.00
0.00
0.00
0.00
1.60
4.40
0.00
2.50
1.00
0.00
0.30
8.50
10.00
9.00
5.70
2.00
1.20
2.80
0.50
0.00
0.00
4.80
4.40
1.60
2.20
2.50
0.00
4.80
7.50
4.00
0.00
0.00
0.00
0.00
0.00
0.00
0.50
2.60
9.90
10.20
0.00
3.50
0.00
0.00
0.00
0.00
0.00
0.00
0.00
0.00
0.00
0.00
0.00
0.00
0.00
0.00
1.50
2.30
0.00
0.00
0.00
0.00
0.00
0.00
0.00
0.00
0.00
0.00
0.00
0.00
0.00
0.00
0.00
0.00
0.00
0.00
0.00
0.00
0.00
0.00
0.00
0.00
0.00
0.00
0.00
0.00
0.00
0.00
0.00
0.00
0.00
0.00
0.00
0.00
0.00
0.00
0.00
0.00
0.00
0.00
0.00
0.00
0.00
0.00
0.00
0.00
0.00
0.00
0.00
0.00
0.00
0.00
0.00
0.00
0.00
0.00
0.00
0.00
0.00
0.00
0.00
0.00
0.00
0.00
0.00
0.00
0.00
0.00
0.00
0.00
0.00
0.00
0.00
0.00
0.00
0.00
0.00
0.00
0.00
0.00
0.00
0.00
0.00
0.00
0.00
0.00
0.00
0.00
0.00
0.00
0.00
0.00
0.00
0.00
0.00
0.00
0.00
0.00
0.00
0.00
0.00
0.00
0.00
0.00
2.20
1.10
0.00
0.00
0.00
0.00
0.00
0.00
0.00
0.20
0.50
3.20
0.00
0.00
0.00
0.00
0.00
0.00
0.00
0.00
1.50
0.00
0.00
0.00
0.00
0.00
0.00
0.00
0.00
0.50
0.00
1.00
0.00
0.00
0.00
0.00
0.00
2.00
2.70
1.10
11.00
0.00
0.00
0.00
0.80
7.00
0.00
2.80
0.20
1.00
2.20
0.00
0.00
2.50
0.00
0.00
0.00
0.00
0.00
0.00
0.00
0.00
0.50
0.00
1.50
0.00
0.00
4.00
2.20
1.00
13.40
0.10
3.00
1.40
4.00
4.20
3.60
4.80
6.20
9.80
6.40
2.00
3.60
1.00
1.30
0.00
0.00
0.00
0.00
0.00
0.00
0.00
0.00
0.00
0.00
0.80
1.00
0.20
0.50
0.70
2.00
3.50
2.20
1.90
0.00
0.00
4.30
1.80
1.30
3.40
3.50
4.00
0.00
0.00
0.00
0.00
9.80
0.00
6.20
0.00
2.00
2.40
1.20
7.60
3.60
0.00
2.00
6.40
4.30
9.00
9.10
1.50
0.50
0.60
0.20