0.2
9.3
0.3
0.0
1.5
3.2
1.8
0.0
14.5
9.5
2.9
0.0
13.6
0.0
0.0
0.0
0.0
0.0
3.5
4.9
24.2
45.0
4.9
0.0
1.5
11.2
12.3
6.4
17.8
9.0
14.5
3.3
2.7
22.2
26.1
2.9
1.0
0.0
8.3
4.9
10.2
18.9
0.0
13.6
7.5
6.7
14.8
17.2
17.6
11.4
0.0
15.7
0.6
0.0
1.7
10.0
0.6
3.0
4.8
0.0
4.0
26.9
7.7
0.5
0.0
3.2
2.9
20.8
3.4
22.2
12.4
0.0
0.0
1.9
14.9
7.3
8.5
16.1
9.3
3.9
0.0
18.6
0.0
29.3
4.2
3.2
5.0
2.3
3.0
17.3
18.3
15.2
51.0
0.5
0.0
0.0
2.6
0.0
0.0
0.0
0.0
0.5
0.0
0.0
0.0
0.3
0.0
3.4
10.0
5.5
1.9
0.0
0.0
0.0
0.0
0.0
0.0
0.0
0.0
0.3
10.9
0.0
0.0
0.0
0.0
0.0
0.0
0.0
0.0
0.0
0.0
0.0
0.0
0.0
0.0
0.0
0.0
0.0
0.0
0.0
0.0
0.0
0.0
0.0
0.0
0.0
0.0
0.0
0.0
0.0
0.0
0.0
0.0
0.0
0.0
0.0
0.0
0.0
0.0
0.0
0.0
0.0
0.0
0.0
0.0
0.0
0.0
0.0
0.0
0.0
0.0
0.0
0.0
0.0
0.0
0.0
0.9
0.0
0.0
0.0
0.0
0.0
0.0
0.0
0.0
0.0
0.0
0.0
0.0
0.0
0.0
0.0
0.0
0.0
0.0
0.0
0.0
0.5
0.0
0.0
0.0
0.0
0.0
0.0
0.6
0.0
0.0
0.0
0.0
0.0
0.0
0.0
0.0
0.0
0.0
0.0
0.0
0.0
0.0
0.0
0.0
0.0
0.0
0.0
0.0
0.0
0.0
0.0
0.0
0.0
0.0
0.0
0.0
0.0
0.0
0.0
0.0
0.0
0.0
0.0
0.0
0.0
0.0
0.0
0.0
0.0
0.0
0.0
0.0
0.0
0.0
0.0
0.0
0.0
0.0
0.0
0.0
0.0
0.0
0.7
3.1
9.6
1.8
0.0
0.0
0.0
0.0
0.0
0.0
0.0
0.0
0.0
0.0
0.0
4.3
15.3
9.7
17.9
3.2
0.0
0.0
0.0
0.0
5.5
0.0
2.0
8.7
3.0
8.0
1.0
0.0
0.0
0.0
0.0
1.7
0.0
0.0
0.0
0.0
0.0
0.0
0.2
0.0
6.0
0.0
0.0
0.0
0.0
0.0
0.0
0.0
1.9
1.2
0.0
0.0
0.0
0.0
0.0
0.0
0.0
0.0
0.0
0.0
0.0
0.0
0.0
0.0
0.0
0.0
0.0
0.0
0.0
0.0
0.0
0.0
0.0
0.0
0.0
0.0
0.0
0.0
0.0
0.0
0.0
0.0
0.0
0.0
1.8
0.0
0.0
0.0
0.0
0.0
2.6
0.0
0.0
6.5
4.7
0.0
4.5
0.6
1.8
4.3
3.0
1.1
5.7
0.0
0.0
0.4
6.9
0.7
5.4
7.5
3.7
4.2
0.0
0.0
5.8
1.2
13.3
24.5
9.8
0.0
5.3
0.0
8.4
2.8
18.8
0.0
9.7
0.6
5.3
33.5
6.0
4.0
18.6
0.0
0.0
0.0
0.0
0.0
1.5
0.0
7.6
6.4
1.4
8.2
0.5
11.6
1.6
1.2
0.3
0.0
18.4
2.7
17.2
6.4
6.7
16.7
18.0
3.0
0.4
3.5
12.1
0.3
0.3
2.5
0.0
1.5
0.0
8.1
9.3
12.8
14.6
0.4
9.4
12.4
0.0
0.0
0.0
0.0
0.0
0.0
0.0
0.0
0.0
0.0
0.5
0.0
0.0
0.0
0.0
0.0
0.0
0.0
0.0
0.0
0.0
0.0
0.0
0.0
0.0
0.0
0.0
0.0
0.0
0.0
0.0
0.0
0.0
0.0
0.0
0.0
0.0
0.0
0.0
0.0
0.0
0.0
0.0
0.5
0.0
0.0
0.0
0.0
0.0
0.0
0.0
0.0
0.0
0.0
0.0
0.0
0.0
0.0
0.0
0.0
0.0
0.0
0.0
0.0
0.0
0.0
0.0
0.0
0.0
0.0
0.0
0.0
0.0
0.0
0.0
0.0
0.0
0.0
0.0
0.0
1.3
0.0
0.0
0.0
0.0
0.0
1.5
4.4
2.2
0.0
0.0
0.0
0.0
0.0
0.0
0.0
0.0
0.0
0.0
0.0
0.0
0.0
0.0
0.0
0.0
0.0
0.0
0.0
0.0
0.0
0.0
0.0
0.0
0.0
0.0
0.0
0.0
0.0
0.0
0.0
0.0
0.0
0.0
0.0
0.0
0.0
0.0
0.0
0.0
0.0
0.0
0.0
0.0
0.0
0.0
0.0
0.0
0.0
0.0
0.0
0.0
0.0
0.0
0.0
0.0
0.0
0.0
0.0
0.0
0.0
0.0
0.0
0.0
0.0
0.0
0.7
0.0
0.0
0.0
0.0
0.2
0.0
0.5
0.0
0.0
0.0
0.0
0.0
0.0
0.0
0.0
1.5
0.0
0.0
0.0
0.0
0.0
0.0
0.0
0.0
0.0
0.0
0.0
0.0
0.0
0.0
0.0
0.0
0.0
0.0
0.0
0.0
0.0
4.8
0.0
0.0
0.0
0.0
0.0
0.0
0.0
0.0
0.0
0.0
0.0
0.0
0.0
0.0
0.0
0.3
1.2
13.2
0.9
0.0
1.6
7.6
1.9
0.0
0.0
8.0
2.2
14.0
3.6
0.7
0.0
0.0
0.0
0.0
0.0
0.0
0.0
0.0
0.0
0.0
0.0
0.0
0.0
0.0
0.0
0.0
0.0
0.0
0.0
0.0
0.0
0.0
0.0
0.0
0.0
0.0
0.0
0.0
0.0
0.0
0.0
0.0
42.7
0.0
0.0
1.2
0.0
10.0
9.6
0.0
0.0
0.0
0.9
10.4
2.7
0.0
16.9
12.1
2.5
0.0
0.0
0.0
0.0
0.0
0.0
0.0
3.6
0.0
0.0
0.0
5.2
0.0
0.0
0.0
10.1
2.8
13.0
14.0
7.8
2.9
5.3
0.0
6.3
12.6
4.7
10.3
19.4
8.2
0.3
1.8
17.3
29.2
11.1
26.2
18.4
4.9
18.7
0.7
11.2
35.2
1.2
1.0
11.5
5.7
25.5
11.9
14.8
20.6
0.0
3.3
2.7
0.0
0.0
7.5
0.0
0.0
0.0
0.0
0.8
0.0
42.5
0.0
17.8
0.0
16.5
14.0
11.0
9.3
58.6
52.0
4.9
11.4
1.0
1.6
17.9
7.5
1.9
2.0
0.0
0.0
40.4
9.8
0.0
11.7
9.9
1.8
0.0
5.0
9.5
8.6
0.0
0.0
6.6
11.1
1.0
10.3
0.0
0.0
7.2
0.0
0.0
0.0
4.0
0.0
0.0
0.0
0.0
0.0
0.0
0.0
0.0
0.0
0.8
0.0
0.0
5.7
2.5
0.0
0.0
7.1
0.0
0.0
0.0
0.0
0.0
0.0
0.0
0.0
0.0
0.0
0.0
0.0
0.0
0.0
0.0
0.0
0.0
0.0
1.4
0.0
0.0
0.0
0.0
0.0
0.0
0.0
0.0
0.0
0.0
0.0
0.0
0.0
0.0
2.0
0.0
0.0
0.0
0.0
1.2
0.0
0.0
0.0
0.0
0.0
0.0
0.0
0.0
0.0
0.0
0.0
0.0
0.0
0.0
0.0
0.0
0.0
0.0
0.0
0.0
0.0
0.0
0.0
0.0
0.0
0.0
0.0
0.0
3.1
0.0
0.0
0.0
0.0
0.0
0.0
0.0
0.0
0.0
4.4
0.0
0.0
0.0
0.0
0.0
0.0
0.0
11.9
0.0
2.9
0.0
0.0
0.0
0.0
0.0
0.0
0.0
0.0
0.0
0.0
0.0
0.0
0.0
0.0
0.0
0.0
0.0
0.0
0.0
0.0
0.0
0.0
0.0
0.0
0.0
0.0
0.0
0.0
0.0
0.0
0.0
0.0
0.0
0.0
0.0
0.0
0.0
0.0
0.0
4.6
0.0
0.0
6.9
9.2
0.0
0.0
0.0
0.0
0.0
0.0
0.0
0.0
0.0
0.0
0.0
0.0
0.0
7.7
9.7
0.0
0.0
0.0
0.0
0.0
0.0
0.0
0.0
0.6
0.0
0.0
0.0
0.0
0.0
0.0
0.0
0.0
0.5
0.0
0.0
0.0
0.0
0.0
8.5
1.7
0.0
0.0
0.0
0.0
0.0
12.8
7.6
0.0
0.0
0.0
0.0
3.0
1.0
0.0
0.0
0.0
0.0
0.0
0.0
0.0
0.0
0.0
0.0
0.0
0.0
0.0
0.0
0.0
0.0
0.0
0.0
4.2
5.7
0.0
0.0
0.0
0.0
0.0
0.0
1.2
0.0
0.0
0.0
0.0
0.0
0.0
0.0
0.0
0.0
0.0
0.0
0.0
0.0
0.0
0.0
0.0
0.6
0.0
0.0
0.0
4.2
0.3
0.0
0.0
0.0
0.0
0.0
0.6
4.0
6.8
0.0
0.0
0.0
0.0
0.2
0.0
3.8
30.7
15.3
7.6
0.0
0.0
0.0
10.2
6.2
0.0
0.0
0.0
0.0
8.2
2.0
0.0
0.0
0.0
7.0
0.0
0.0
0.0
3.0
0.0
0.0
1.3
1.1
0.5
0.0
0.0
0.0
2.2
2.2
31.8
12.5
8.4
11.6
6.9
3.3
2.2
4.6
0.0
0.0
2.3
5.0
1.6
0.0
0.0
4.5
12.6
0.0
9.0
39.0
15.8
8.4
0.5
0.0
1.9
1.7
5.8
21.5
4.8
13.0
8.6
9.2
0.0
0.0
5.2
0.0
0.0
19.4
5.8
3.0
10.5
8.0
5.0
76.8
6.8
0.0
0.0
0.0
9.3
13.5
21.6
2.3
3.6
12.5
13.1
35.7
1.6
0.0
4.8
7.3
0.5
0.7
0.8
1.7
0.0
5.6
0.0
0.0
0.0
26.3
0.0
0.0
14.4
7.3
0.0
0.0
0.0
0.0
0.0
0.0
0.0
0.0
0.0
13.8
4.2
0.0
17.4
0.0
0.0
0.0
4.0
3.4
1.9
17.0
8.3
12.5
3.0
0.0
0.0
11.0
1.6
0.0
0.0
0.0
0.0
0.0
0.0
7.6
0.0
0.0
0.0
0.0
0.0
0.0
0.0
0.0
0.0
0.0
0.0
2.7
1.2
0.0
0.0
0.0
0.0
0.0
0.0
0.0
0.0
0.0
0.0
0.0
0.0
0.0
0.0
0.0
0.0
0.0
0.0
0.0
0.0
0.0
0.0
0.0
0.0
0.0
0.0
0.0
0.2
0.0
0.5
0.0
0.0
0.0
0.0
0.0
0.0
0.0
0.0
0.0
0.0
1.8
0.0
9.6
8.3
0.0
0.0
2.2
0.0
0.0
0.0
0.0
0.0
0.0
4.7
4.4
0.0
0.0
0.0
0.0
3.5
0.0
0.0
0.0
0.0
0.0
0.0
0.0
0.0
0.0
0.0
1.3
21.7
0.0
0.0
0.0
0.0
0.0
0.0
0.0
0.0
0.0
0.0
0.0
0.0
0.0
0.0
0.0
0.0
1.7
0.0
0.0
0.0
0.0
0.0
0.0
0.0
0.0
0.0
0.0
0.0
0.0
0.0
0.0
0.0
0.0
0.0
0.0
0.0
1.5
0.0
0.0
0.0
0.0
0.0
0.0
0.0
0.0
0.0
0.0
0.0
0.0
0.0
0.0
0.0
0.0
0.0
0.0
0.0
0.0
0.0
0.0
0.0
0.0
0.0
0.0
0.0
0.0
0.0
0.0
1.6
1.0
0.0
2.0
1.5
8.4
0.8
0.0
0.0
2.0
0.0
9.4
4.0
2.6
0.0
0.0
0.0
1.8
0.5
0.0
0.0
0.5
0.0
11.3
5.8
0.0
0.7
0.0
4.3
0.0
0.0
0.0
0.0
0.0
0.0
0.0
0.0
0.0
2.1
1.2
1.0
0.0
0.7
0.0
4.4
0.0
4.8
0.0
5.6
0.0
29.3
9.2
2.3
0.0
0.0
0.0
0.0
0.0
9.5
0.8
6.9
16.7
0.0
0.0
0.0
0.0
0.0
0.0
0.0
0.0
0.0
0.0
0.0
4.4
0.9
0.0
7.0
0.9
14.4
2.0
0.0
0.0
0.0
0.0
0.0
0.8
0.0
0.8
1.8
0.9
0.0
0.0
0.0
0.0
18.3
0.0
0.0
2.8
19.0
1.6
2.5
0.0
0.0
18.2
6.3
12.9
10.8
13.0
8.1
19.6
0.0
5.5
4.3
3.7
14.3
1.9
2.5
5.0
0.7
0.0
0.0
0.0
20.5
4.6
0.0
3.7
0.0
0.0
0.0
0.0
0.0
0.0
2.6
0.0
0.0
0.0
0.0
5.2
3.7
11.8
6.9
8.6
2.7
6.5
3.0
3.6
2.6
16.2
7.4
6.4
0.0
12.8
8.2
6.9
0.0
2.9
4.2
0.0
0.0
0.0
0.0
6.9
0.0
14.0
0.0
0.0
43.0
4.9
6.8
0.0
1.4
0.0
1.5
0.0
0.0
0.0
0.0
9.7
12.2
1.4
0.0
0.0
0.0
0.0
0.0
0.0
0.0
0.0
0.0
0.0
0.0
0.0
0.0
0.0
0.0
0.0
0.0
0.0
0.0
0.0
0.6
0.0
0.0
0.0
0.0
0.0
0.0
0.0
0.0
0.0
0.0
1.8
0.0
0.0
0.0
0.0
0.0
0.0
0.0
1.3
0.0
4.5
0.0
0.0
1.8
0.0
3.4
0.0
0.0
0.0
0.0
0.0
0.0
0.0
0.0
0.0
0.0
0.0
0.0
0.0
0.0
0.0
0.0
0.0
0.0
0.0
0.0
0.0
0.0
0.0
0.0
0.0
0.0
0.0
0.0
0.0
0.0
0.0
0.0
0.0
0.0
0.0
0.0
0.0
0.0
0.0
0.0
0.0
0.0
0.0
0.0
0.0
0.0
0.0
0.0
0.0
0.0
0.0
0.0
0.0
0.0
0.0
0.0
0.0
0.0
0.0
0.0
0.0
0.0
0.0
0.0
0.0
0.0
0.0
0.0
0.0
0.0
0.0
0.0
0.0
0.0
0.0
0.0
4.7
0.0
0.0
0.0
0.0
0.0
0.4
0.0
0.0
0.0
0.0
0.0
0.0
0.0
0.0
0.0
0.0
0.0
0.0
0.0
0.0
0.0
0.0
0.0
0.0
0.0
0.0
0.0
0.0
0.0
0.0
0.0
0.0
0.0
0.0
0.0
0.0
0.0
8.6
1.5
0.0
1.5
0.0
0.0
0.0
0.0
0.0
0.0
0.0
1.5
0.0
22.8
0.0
0.0
0.0
0.0
0.0
0.0
0.0
0.0
0.0
2.5
0.0
0.0
0.0
0.0
0.0
0.0
0.0
0.0
0.0
0.0
0.0
0.0
0.0
0.0
0.0
0.0
0.0
0.0
0.0
0.0
0.0
2.0
0.0
1.4
0.0
0.0
0.0
0.0
5.0
0.0
0.0
0.0
0.0
0.0
0.0
0.0
0.0
7.5
0.0
0.0
2.8
0.0
0.0
0.0
0.0
0.0
0.0
0.9
0.0
0.0
0.0
0.0
0.0
5.2
0.0
0.0
0.0
1.4
0.0
0.0
0.0
0.0
0.0
0.9
0.0
0.4
3.4
0.0
22.4
13.7
0.0
0.0
0.0
5.4
3.9
0.0
0.8
3.1
1.0
2.8
14.8
8.9
2.2
5.5
0.0
0.0
11.0
3.3
0.0
7.0
0.0
3.2
2.9
2.8
15.4
11.5
3.9
12.8
6.2
23.6
1.8
4.9
15.9
21.2
21.6
3.0
1.6
7.5
1.8
9.0
11.2
4.9
13.5
1.2
0.0
0.6
8.2
0.0
7.0
0.0
0.0
0.0
0.0
15.2
35.1
27.2
0.0
12.0
19.2
2.2
26.0
3.3
7.0
0.0
1.0
6.2
0.0
3.2
1.8
15.9
0.0
0.0
0.0
0.0
0.0
0.0
0.0
0.0
0.0
0.0
0.0
0.0
0.0
5.6
0.0
10.0
6.3
6.6
0.0
0.5
0.0
0.0
0.0
0.0
0.0
0.0
6.5
0.0
0.0
1.6
0.0
3.0
2.2
0.0
0.0
0.0
0.0
2.0
2.9
0.0
0.0
0.0
0.6
0.0
0.0
0.0
0.0
4.4
1.3
0.0
0.0
0.0
0.0
0.0
0.0
0.0
3.5
0.0
0.0
0.0
0.0
0.0
0.0
0.0
0.0
0.0
0.0
0.0
0.0
0.0
0.0
0.0
0.7
0.0
0.0
0.0
0.0
0.0
0.0
0.0
0.0
0.0
0.0
0.0
0.0
0.0
0.0
0.0
0.0
0.0
0.0
0.0
0.0
0.0
0.0
0.0
0.0
0.0
0.0
0.0
0.0
0.0
0.0
0.0
0.0
0.0
0.0
0.0
0.0
0.0
0.0
0.0
0.0
0.0
0.0
0.0
0.0
0.0
0.0
0.0
0.0
0.0
0.0
0.0
0.0
0.0
0.0
0.0
0.0
0.0
0.0
7.2
14.3
17.2
5.9
4.9
0.3
0.0
0.0
0.0
0.0
0.0
0.0
0.0
0.0
0.0
0.0
0.0
0.0
0.0
0.0
0.0
0.0
0.0
0.0
0.0
0.0
0.0
0.0
0.0
0.0
0.0
0.0
0.0
0.0
0.0
0.0
0.0
0.0
0.0
0.0
0.0
2.5
0.0
0.0
0.0
0.0
0.0
3.3
17.5
2.0
0.0
0.0
0.0
4.5
12.3
0.0
0.0
0.0
0.0
0.0
0.0
0.0
0.0
0.0
0.0
0.0
0.0
0.0
0.0
6.5
6.8
0.0
0.0
0.0
0.0
0.0
0.0
0.0
0.0
0.0
0.0
0.0
0.0
0.0
0.0
0.0
0.0
0.0
0.0
0.0
1.5
0.0
0.0
0.0
0.0
0.0
0.0
0.0
0.0
0.0
0.0
0.0
0.0
0.0
0.0
0.0
0.0
0.0
0.0
0.0
0.0
0.0
0.0
0.0
0.0
0.0
0.0
0.0
0.0
0.0
0.0
0.0
0.0
0.0
0.0
0.7
0.0
0.0
2.1
0.7
2.6
0.0
0.0
0.0
0.0
0.0
0.0
0.0
0.0
0.0
0.0
0.0
0.0
0.0
0.0
0.0
0.9
0.0
0.0
0.0
0.0
0.0
0.3
0.0
0.0
0.7
0.0
0.7
0.0
0.0
0.0
0.6
0.0
3.8
0.0
0.0
14.8
0.0
3.7
0.0
0.0
0.0
22.0
0.0
0.0
0.0
0.0
0.0
3.2
4.9
0.0
2.7
7.4
0.0
0.0
0.6
0.7
0.0
0.0
7.8
11.4
0.0
8.0
11.8
13.4
3.5
0.0
18.0
5.3
1.2
1.5
1.4
0.8
6.9
0.0
0.0
0.0
0.0
0.0
0.0
0.0
1.8
0.0
0.0
4.0
14.8
23.3
0.0
0.0
6.9
0.0
4.5
7.8
23.3
11.0
17.2
7.3
4.7
11.0
1.7
1.0
10.8
18.3
15.8
11.5
10.1
5.5
8.2
0.0
0.5
0.0
0.0
0.0
2.3
60.4
2.2
0.0
0.0
0.0
0.0
11.6
7.4
6.0
3.3
3.9
4.5
0.0
0.0
0.0
0.0
0.0
0.0
0.0
3.0
2.9
0.0
0.0
0.0
0.0
0.0
0.0
1.2
10.2
4.1
0.0
0.0
3.2
0.0
0.0
0.0
0.0
0.0
0.0
0.0
0.0
7.0
0.0
0.0
0.0
0.0
0.0
0.0
0.0
0.0
0.0
0.0
1.2
0.0
0.0
0.0
0.0
0.0
0.0
0.0
0.0
0.0
0.0
0.0
0.0
0.0
0.0
0.0
0.0
0.0
0.0
0.0
0.0
0.0
0.0
0.0
0.0
0.0
0.0
0.0
0.0
0.0
0.0
0.0
0.0
0.0
0.0
0.0
0.0
0.0
0.0
0.0
0.0
0.0
0.0
0.0
0.0
0.0
0.0
0.0
0.0
0.0
0.0
0.0
0.0
0.0
0.0
0.0
0.0
0.0
0.0
0.0
0.0
0.0
0.0
0.0
0.0
0.0
0.0
0.0
0.0
0.0
0.0
0.0
0.0
0.0
0.0
0.0
0.0
0.0
0.0
0.0
0.0
0.0
0.0
0.0
0.0
0.0
0.0
0.0
0.0
0.0
0.0
0.0
0.0
0.0
0.0
0.0
0.0
0.0
0.0
0.0
0.0
0.0
0.0
0.0
0.0
0.0
0.0
0.0
0.0
0.0
0.0
0.0
0.0
0.0
0.0
0.0
0.0
0.0
0.0
0.0
0.0
0.0
0.0
0.0
0.0
0.0
0.0
0.0
0.0
0.0
0.0
0.0
0.0
0.0
0.0
0.0
0.0
0.0
0.0
0.0
0.0
10.4
0.0
14.4
1.8
0.0
0.0
0.0
1.2
0.0
0.0
0.0
0.0
0.0
0.0
0.0
0.0
0.0
0.0
0.0
2.6
0.9
0.0
0.0
0.0
0.0
0.0
12.8
9.6
16.1
0.0
0.0
0.0
0.0
0.0
0.0
2.2
0.0
0.0
0.0
0.0
0.0
0.0
0.0
0.0
0.0
2.6
0.0
0.0
0.0
0.0
0.0
0.0
0.0
0.0
0.0
0.0
3.4
11.2
11.5
7.2
0.0
0.0
0.0
0.0
0.0
0.0
0.0
0.0
0.6
0.0
8.8
2.5
5.2
0.0
1.9
6.7
5.8
0.0
0.0
0.0
0.0
0.3
0.0
0.0
2.8
0.0
0.0
0.0
0.0
0.0
8.2
0.0
0.0
0.0
6.4
7.4
3.5
9.6
0.0
0.0
24.4
1.6
0.0
0.0
0.0
9.6
27.3
1.3
15.9
9.0
8.4
2.4
1.0
0.9
0.0
1.2
0.0
0.0
0.0
0.0
0.0
0.0
9.5
2.8
11.2
13.5
31.0
40.0
12.5
10.8
0.0
16.8
8.2
11.7
8.4
18.3
33.4
12.5
7.0
0.0
17.5
16.0
5.4
4.6
0.0
0.0
0.0
0.0
3.5
17.8
52.8
13.3
18.0
0.7
0.0
1.8
0.0
0.0
0.0
0.0
9.3
0.0
0.0
0.0
0.0
0.0
0.2
0.5
0.0
0.0
0.0
12.5
3.3
10.0
3.0
0.0
0.0
0.0
0.0
0.0
0.0
0.0
0.0
0.0
3.5
0.8
0.5
0.0
0.0
12.6
14.4
7.0
3.6
8.3
4.0
8.8
1.2
2.2
0.0
0.0
5.5
57.4
20.9
16.0
0.0
0.0
0.0
4.2
0.0
0.0
0.0
0.0
0.0
0.0
1.0
13.3
1.9
0.0
0.0
0.0
0.0
0.0
0.0
0.0
0.0
0.0
0.0
0.0
0.0
0.0
0.0
0.0
0.0
0.0
0.0
0.6
0.0
0.0
0.0
0.0
0.0
0.0
0.0
0.0
0.0
0.0
0.0
0.0
0.0
0.0
0.0
0.0
0.0
0.0
0.0
0.0
0.0
0.0
0.0
0.0
0.0
0.0
0.0
2.0
0.0
0.0
0.0
0.0
0.0
0.0
0.0
0.0
0.0
0.0
0.0
0.0
0.0
0.0
0.0
0.0
0.0
0.0
0.0
0.0
0.0
0.0
0.0
0.0
0.0
0.0
0.0
0.0
0.0
0.0
0.0
0.0
0.0
0.0
0.0
0.0
0.0
0.0
0.0
0.0
0.0
0.0
0.0
0.0
0.0
0.0
0.0
0.0
0.0
0.0
0.0
0.0
0.0
0.0
0.0
0.0
0.0
0.0
0.0
0.0
0.0
0.0
0.0
0.0
0.0
0.0
0.0
0.0
0.0
0.0
0.0
0.0
0.0
0.0
0.0
0.0
0.0
0.0
0.0
0.0
0.0
0.0
0.0
0.0
0.0
0.0
0.0
0.0
0.0
0.0
0.0
0.0
0.0
0.0
0.0
0.0
0.0
0.0
0.0
0.0
0.0
0.0
0.0
0.0
0.0
0.0
0.0
0.0
0.0
0.0
0.0
0.0
0.0
0.0
0.0
2.6
5.3
0.0
3.2
0.0
0.0
0.0
0.0
1.4
0.0
0.0
0.0
0.0
0.0
0.0
0.0
0.0
0.0
0.0
0.0
0.0
0.0
0.0
0.0
0.0
0.0
0.0
0.0
7.2
0.0
0.0
5.2
0.0
10.2
18.1
6.6
0.0
0.0
0.0
0.0
6.9
0.0
16.2
20.8
6.3
0.0
0.0
0.0
0.0
0.0
0.0
0.0
0.0
0.0
0.0
0.0
0.2
0.0
0.0
0.0
13.0
0.0
1.3
0.0
0.0
0.0
13.1
0.0
0.0
12.5
1.6
0.0
0.0
5.6
0.0
0.0
0.0
0.0
0.0
0.0
0.0
2.6
4.5
2.3
0.6
7.9
0.0
0.0
0.0
0.0
0.0
0.0
8.6
0.0
0.0
0.0
0.0
0.0