10.60
3.30
2.00
0.00
2.20
17.30
6.10
0.00
0.00
0.00
3.20
0.00
0.00
0.70
0.00
0.00
0.00
0.00
0.00
1.60
2.40
0.00
0.00
0.00
0.00
0.00
0.00
3.20
5.40
26.10
5.30
4.70
5.40
2.70
1.60
6.50
0.00
0.00
4.20
1.30
2.00
0.00
2.50
3.60
1.60
11.60
1.70
5.20
0.00
2.80
0.00
0.00
1.70
0.00
2.30
2.40
0.30
0.00
3.30
2.60
5.20
1.00
12.30
1.60
1.00
0.70
0.50
0.00
1.90
7.10
5.40
16.40
0.00
0.40
6.60
4.90
13.80
45.00
2.10
0.60
2.70
0.70
0.00
0.00
0.90
0.00
0.00
13.50
1.20
1.40
1.40
4.70
0.00
1.50
43.70
0.00
0.00
0.00
0.00
0.00
0.00
0.00
1.90
0.00
0.00
0.00
0.00
3.40
1.40
4.00
0.00
0.00
0.00
0.00
2.80
0.00
0.00
0.00
0.60
11.50
9.20
0.00
0.00
0.00
0.00
0.00
0.00
0.00
0.00
0.00
0.00
0.00
0.00
0.00
0.00
0.00
0.00
0.00
0.00
0.00
0.00
0.00
0.00
0.00
0.00
0.00
0.00
0.00
0.00
0.00
0.00
0.00
0.00
0.00
0.00
0.00
0.00
0.00
0.00
0.00
0.50
0.00
0.00
0.00
0.00
0.00
0.00
0.00
0.00
0.00
0.00
0.00
0.00
0.00
0.00
0.00
0.00
0.00
0.00
0.00
0.00
0.00
0.00
0.00
0.00
0.00
0.50
0.00
0.00
0.00
0.00
0.00
0.00
0.00
0.00
0.00
0.00
0.30
0.00
0.00
0.00
0.00
0.00
1.30
0.00
0.00
0.00
0.00
0.00
0.00
0.00
0.00
0.00
0.00
0.00
0.00
0.00
0.00
0.00
0.00
0.00
0.00
0.00
0.00
0.00
0.00
0.00
0.00
0.00
0.00
0.00
0.80
0.00
0.00
0.00
0.00
0.00
0.00
0.00
0.00
0.90
0.00
0.00
0.00
0.80
3.40
0.00
0.00
0.00
0.00
0.00
0.00
0.00
0.00
0.00
0.00
0.00
0.50
9.70
10.80
9.00
8.40
1.80
0.20
0.00
0.00
0.00
0.00
0.00
0.00
0.00
1.10
0.00
0.00
0.00
7.30
7.60
1.60
6.40
0.00
1.50
0.00
2.30
2.60
0.40
0.00
15.90
4.10
3.10
0.00
0.00
0.00
0.00
0.00
3.60
0.00
0.00
0.00
0.00
0.00
0.00
3.40
1.90
0.00
0.00
7.00
0.00
0.00
0.00
0.00
0.00
0.00
25.30
11.20
0.00
0.00
0.00
2.20
0.00
0.00
0.00
0.00
0.00
0.00
0.00
0.00
0.00
0.00
0.00
0.00
0.00
0.00
0.00
0.50
0.00
0.00
1.20
0.00
0.00
0.00
0.00
1.30
1.40
0.00
0.00
0.00
0.00
0.00
9.50
4.80
0.00
0.00
0.00
0.00
0.00
0.00
1.30
0.00
0.00
13.40
1.30
7.00
0.00
0.00
0.00
13.00
0.00
0.00
3.40
1.10
0.00
0.00
0.00
0.00
2.80
0.90
3.40
1.20
0.00
7.70
1.80
0.30
1.70
0.40
0.90
0.00
0.70
3.60
7.20
3.70
0.70
6.40
8.80
7.30
6.00
2.20
3.00
0.00
5.40
0.00
2.80
0.00
9.60
0.30
0.00
14.60
0.80
1.00
0.00
0.00
0.00
2.80
0.00
0.00
0.00
0.00
2.00
5.20
0.00
0.00
5.80
0.80
0.00
0.00
1.80
11.50
0.80
0.00
0.00
2.20
0.60
5.00
0.60
0.00
9.40
12.70
19.60
0.00
12.50
0.00
0.00
0.00
0.00
1.90
0.00
0.00
0.00
0.00
17.50
0.00
0.00
0.00
4.30
0.00
0.00
15.20
0.00
0.00
0.00
0.00
0.00
0.00
0.00
0.00
0.00
0.00
0.00
0.00
0.00
0.00
0.00
5.50
0.00
0.00
0.00
0.00
0.60
0.00
0.00
0.00
0.00
0.00
1.00
0.00
0.00
0.00
0.00
0.00
0.00
7.80
0.00
1.40
0.00
0.00
0.00
0.00
0.00
0.00
0.00
2.90
0.00
0.00
0.00
0.00
0.00
0.00
0.00
0.00
0.00
0.00
0.00
0.00
0.00
0.00
0.00
0.00
0.00
0.40
0.00
0.00
0.00
0.00
0.00
3.00
3.00
0.90
0.00
0.00
0.00
0.00
0.00
0.00
0.00
0.00
0.00
0.00
0.00
0.00
0.00
0.00
0.00
0.00
0.00
0.00
0.00
0.00
0.00
0.00
0.00
0.00
0.00
0.50
0.00
0.00
0.00
0.00
0.00
0.00
0.00
0.00
0.00
0.00
0.00
0.00
0.00
0.00
0.00
0.00
0.00
0.00
0.00
0.00
0.00
0.00
0.00
0.00
0.00
0.00
0.00
0.00
0.00
0.00
0.00
0.00
0.00
0.00
0.00
0.70
0.00
0.00
6.00
0.90
0.00
0.00
0.00
0.00
0.00
9.40
4.40
0.00
0.00
0.00
0.00
0.00
0.00
0.00
0.00
0.00
0.00
0.00
0.00
0.00
0.00
0.00
0.00
0.00
0.00
0.00
0.00
0.00
0.00
0.00
0.00
0.00
0.00
0.00
0.00
0.00
0.00
0.00
10.50
0.00
0.00
0.00
0.00
0.00
0.00
0.00
0.00
0.00
0.00
0.00
0.00
0.00
0.00
0.00
10.20
2.00
4.70
17.80
0.60
6.70
3.50
17.70
6.20
0.00
0.00
0.00
1.40
7.00
1.30
0.00
9.20
0.00
0.00
8.90
0.60
0.00
0.00
0.00
0.00
0.00
0.00
0.00
0.00
0.00
0.00
0.00
0.00
0.00
0.00
0.00
0.00
0.00
0.00
0.00
0.00
0.00
0.00
0.00
0.00
0.00
0.00
0.00
0.00
0.00
0.00
0.00
1.00
13.70
0.00
0.00
0.00
2.50
28.40
0.00
0.00
10.10
0.80
13.10
0.00
0.00
0.00
0.00
0.00
6.30
6.80
2.40
0.00
0.00
0.00
14.60
0.00
0.50
2.20
2.10
0.90
10.80
3.20
7.20
1.60
0.00
1.40
10.50
11.20
9.90
12.40
4.40
24.90
8.70
5.60
2.70
7.50
0.00
1.10
23.30
8.50
0.00
4.70
0.00
14.60
6.00
3.30
1.70
7.50
12.60
2.30
5.70
0.00
0.00
13.00
1.60
4.50
8.00
1.30
1.60
2.00
0.00
0.00
2.20
0.00
3.90
24.90
3.30
0.00
1.30
5.40
8.80
12.00
9.10
16.30
11.90
0.80
1.00
0.00
4.30
1.30
17.10
1.20
0.00
0.00
6.20
0.50
0.00
14.00
6.20
29.70
5.10
5.80
8.30
3.40
9.90
0.00
10.10
29.10
3.80
0.00
0.00
0.00
0.60
18.00
0.00
5.50
0.00
0.00
3.50
0.00
0.00
0.00
0.00
0.00
0.00
0.00
0.00
1.80
0.00
0.00
5.90
0.00
0.00
0.00
0.00
0.00
0.60
0.00
0.00
0.00
0.00
0.00
0.00
0.00
0.00
0.00
0.00
0.00
0.00
5.50
0.00
0.00
0.00
0.00
0.00
0.00
0.00
0.00
0.00
0.00
3.30
0.00
0.00
0.00
0.50
0.00
7.40
10.50
0.00
0.00
0.00
0.00
0.00
0.00
0.00
0.00
0.00
0.00
0.00
0.00
0.00
0.00
0.00
0.00
0.00
0.00
0.00
0.00
0.00
0.00
0.00
0.00
0.00
0.00
0.00
0.00
0.00
0.00
0.00
0.00
0.00
0.00
0.00
0.00
0.00
0.00
3.50
0.00
0.00
0.00
0.00
0.00
0.00
0.00
0.00
0.00
0.00
0.00
0.00
1.80
2.80
0.50
0.00
0.00
0.00
0.00
0.00
0.00
0.00
0.00
0.00
0.00
0.00
0.00
0.00
0.00
0.00
0.00
0.00
0.60
0.00
0.50
0.00
0.00
0.00
0.00
0.00
0.00
0.00
0.00
0.00
0.00
0.00
0.00
0.00
0.00
0.00
0.00
0.00
0.00
0.00
3.20
5.90
0.00
0.50
0.00
0.00
1.30
0.00
0.00
0.00
0.00
0.00
0.00
0.00
0.00
0.00
0.00
0.00
1.00
0.00
0.00
0.00
0.00
0.00
1.00
0.00
0.00
0.00
0.00
0.00
0.00
0.90
0.00
0.00
0.80
1.10
0.00
0.00
0.00
0.00
0.00
0.00
0.00
2.30
0.00
2.00
0.00
0.00
0.00
0.00
0.00
28.50
0.00
0.00
0.00
1.00
24.20
1.30
0.00
7.80
4.00
0.00
0.00
0.00
0.00
0.00
0.00
0.00
1.30
0.00
5.90
0.00
0.00
3.90
1.30
0.00
12.80
8.40
0.00
0.00
0.00
5.80
1.20
0.00
0.00
10.90
1.00
0.00
0.00
0.00
0.00
0.00
9.90
0.00
0.00
0.00
0.00
0.00
0.00
0.00
0.00
0.00
0.00
9.90
12.00
2.90
1.30
0.00
12.70
0.00
0.00
0.00
1.10
2.20
4.40
0.00
0.00
0.00
0.00
0.00
3.80
0.00
8.90
25.70
10.50
1.40
2.60
5.40
1.80
21.20
0.80
0.00
0.00
0.00
0.00
19.30
0.00
1.80
0.00
0.00
0.00
0.00
0.00
0.00
0.00
0.00
0.20
0.00
0.00
6.10
0.20
0.00
11.40
2.00
9.80
7.40
8.40
1.60
0.90
0.00
0.00
9.40
3.40
0.00
0.00
3.70
11.40
15.00
0.00
8.70
11.90
5.70
3.90
10.40
19.10
4.90
0.00
2.00
8.20
3.30
2.00
6.80
5.50
0.90
5.30
0.00
30.90
1.90
3.50
7.40
0.00
0.30
9.40
11.20
2.00
9.00
1.30
15.00
8.60
0.80
15.30
0.00
9.60
1.10
4.40
8.40
3.00
0.00
5.90
0.80
5.40
2.30
5.10
0.80
8.70
0.00
11.50
22.60
0.00
0.00
0.00
0.00
0.00
0.00
0.00
14.60
1.60
6.00
5.50
0.60
0.40
0.00
0.00
0.00
0.00
0.00
0.00
14.40
2.50
14.70
8.40
3.40
1.00
0.00
0.00
0.40
0.00
0.00
2.40
11.80
2.40
0.00
0.00
0.00
2.40
0.00
0.00
32.00
0.00
0.00
2.30
5.60
5.90
0.00
0.00
0.00
2.30
0.00
0.00
0.00
0.00
0.00
0.00
0.00
5.00
0.00
0.00
0.00
0.00
0.00
0.00
0.00
0.00
0.00
0.00
0.00
0.00
0.00
0.00
0.00
0.00
0.00
0.00
0.00
0.00
0.00
0.00
0.00
0.00
0.00
0.00
0.00
0.00
0.00
0.00
0.00
0.00
0.00
0.00
0.00
0.00
0.00
0.00
0.00
0.00
0.00
0.00
4.80
0.00
0.00
0.00
0.00
0.00
0.00
0.00
0.00
0.00
3.80
10.00
0.80
0.00
2.70
0.00
0.00
6.20
0.00
0.00
0.00
0.00
0.00
0.00
0.00
0.00
0.00
0.00
0.00
0.00
0.00
0.00
0.00
0.00
0.00
0.40
0.00
0.40
1.30
0.00
0.00
0.00
0.00
0.00
1.20
0.00
0.00
0.00
0.00
2.00
0.00
0.00
0.00
0.00
0.00
0.00
0.00
0.40
0.40
0.00
0.00
0.00
0.00
0.00
5.00
8.30
1.70
0.00
0.00
0.00
0.00
0.00
0.00
5.00
1.10
3.70
0.00
1.10
0.00
0.20
6.10
0.60
1.60
0.30
0.00
0.00
0.00
0.00
0.00
0.00
0.00
0.00
0.00
2.60
0.00
3.20
0.00
2.20
0.90
0.00
0.00
6.20
6.20
2.30
0.00
3.20
1.40
4.60
18.40
10.00
0.00
0.00
0.00
0.00
0.00
0.00
0.00
12.00
29.60
9.90
25.30
0.40
0.00
4.30
0.00
9.30
4.80
0.00
1.90
0.00
0.00
0.00
0.00
0.00
0.00
0.00
0.00
0.00
1.50
0.00
0.80
0.00
5.50
0.60
4.80
5.50
5.30
9.00
2.70
0.00
20.00
4.10
0.00
0.00
10.00
1.00
4.60
6.20
25.30
5.20
0.00
0.00
0.00
1.40
0.00
0.00
0.00
0.00
9.20
7.90
0.00
1.00
6.90
17.00
1.90
2.10
9.10
0.00
6.00
0.00
0.00
0.00
0.00
10.90
0.00
1.10
0.00
0.80
0.00
0.00
0.00
0.00
0.00
0.80
0.00
3.70
8.70
20.40
18.80
2.50
2.30
2.00
9.80
16.60
11.00
15.30
26.80
0.60
4.70
14.00
12.00
19.40
5.00
0.00
19.50
1.80
0.00
3.80
0.00
0.00
0.00
11.40
0.80
0.00
0.00
0.00
1.00
1.20
3.00
1.10
0.50
0.00
0.00
0.50
0.00
4.40
2.00
11.10
6.40
0.00
32.30
14.90
8.60
0.00
4.80
10.00
1.70
2.00
31.30
5.00
3.50
0.00
0.00
0.00
0.00
1.10
0.00
19.50
12.20
0.00
1.00
1.20
3.00
0.80
5.80
0.00
0.00
0.00
4.30
0.00
0.00
0.00
6.20
0.00
11.60
11.10
0.00
1.00
19.00
2.00
0.00
0.00
0.00
0.00
0.00
3.40
0.00
1.30
0.00
0.00
1.80
0.70
0.00
0.00
0.00
0.00
0.00
0.00
0.00
0.00
0.00
0.00
0.00
0.00
0.00
17.10
0.00
0.00
0.00
0.00
0.00
0.00
0.00
0.00
0.00
0.00
0.00
0.00
0.00
0.00
0.00
0.90
1.60
0.00
0.50
0.00
0.00
0.00
0.00
0.00
0.00
0.00
0.00
0.00
0.00
0.00
0.00
0.00
0.00
0.00
0.00
0.00
0.00
0.00
0.00
0.00
0.00
0.00
0.00
0.00
0.00
0.00
0.00
0.00
0.00
11.00
0.00
0.00
0.00
0.00
0.00
0.00
0.00
0.00
0.00
0.00
0.00
0.00
0.00
0.00
0.00
0.00
0.00
0.00
0.00
0.00
0.00
0.00
0.00
0.00
0.00
0.00
0.00
0.00
0.00
0.00
0.00
0.00
0.00
0.00
0.00
1.10
0.00
0.00
0.00
0.00
0.00
0.00
0.00
0.00
0.00
0.00
0.00
0.00
1.40
0.00
1.60
0.00
0.00
0.00
0.00
0.00
0.00
0.00
0.00
0.00
0.00
0.00
0.00
0.00
0.00
0.00
0.00
0.00
0.00
0.00
0.00
0.00
0.00
0.00
0.40
2.10
0.00
0.50
0.00
0.00
0.00
0.00
1.50
6.90
0.00
1.50
0.00
0.00
0.00
0.00
0.00
0.00
0.00
0.40
2.60
2.60
3.90
0.00
0.00
0.00
0.00
0.00
0.00
0.00
5.40
3.80
0.00
0.00
0.00
0.00
0.00
0.00
0.00
0.00
0.00
0.00
0.00
0.00
0.00
0.00
0.00
0.00
0.00
0.00
0.00
0.00
0.00
0.60
0.00
25.30
2.50
27.20
2.80
0.00
0.00
5.30
6.50
0.00
0.00
0.00
0.00
0.00
0.00
0.00
0.00
0.00
19.90
0.00
0.00
0.00
0.00
0.00
0.00
0.00
0.00
0.00
0.00
1.80
0.00
0.00
0.00
0.00
0.00
7.30
0.00
0.00
0.00
0.70
0.00
0.00
0.00
0.00
4.60
0.00
1.80
1.40
0.00
0.00
0.00
3.00
3.60
0.80
1.40
3.50
0.80
4.20
39.20
10.70
3.30
8.70
0.00
3.90
4.10
10.20
0.00
13.90
0.90
3.10
2.60
0.00
2.80
1.90
0.00
16.30
1.40
3.00
21.40
7.60
19.90
24.80
2.40
3.70
33.10
14.60
6.90
2.70
7.10
5.00
0.00
0.80
0.00
0.00
0.00
0.00
0.00
0.00
0.00
0.80
9.20
3.50
9.50
16.70
1.00
2.00
10.40
1.80
7.00
0.00
0.00
0.00
3.10
26.20
0.00
6.70
15.60
32.20
1.40
0.00
0.00
0.00
0.00
0.00
0.00
0.00
0.00
0.00
0.00
0.00
0.00
0.00
0.00
0.00
0.00
0.00
0.00
3.10
1.20
0.90
0.00
0.00
0.00
0.00
0.00
3.40
1.80
0.00
1.00
3.00
23.50
2.70
0.70
7.70
0.00
0.00
5.10
0.00
5.80
3.00
0.00
0.00
0.00
0.00
0.00
0.00
0.00
0.00
0.00
0.00
0.00
0.00
11.40
0.00
4.30
5.80
0.90
6.40
0.00
0.00
0.00
2.80
1.60
0.00
0.00
0.00
0.80
0.00
0.00
0.00
1.20
2.40
0.00
0.00
0.00
2.50
0.00
0.00
0.00
0.00
0.00
0.00
0.00
0.00
0.00
0.00
0.00
0.00
0.00
0.00
0.00
0.00
0.00
0.00
0.00
0.00
0.00
0.00
0.00
0.00
0.00
0.00
0.00
0.00
0.00
0.00
0.00
0.00
0.00
0.00
7.00
0.00
0.00
1.90
0.00
0.00
0.00
0.00
0.00
0.00
0.00
0.00
2.30
0.00
0.00
0.00
0.00
0.60
0.00
0.00
5.40
0.80
2.10
0.00
0.00
0.00
0.00
0.00
0.00
0.00
0.00
0.00
0.00
0.00
0.00
0.00
0.00
0.00
0.00
0.00
0.00
0.00
0.00
0.00
0.00
0.00
0.00
0.00
0.00
0.00
0.00
0.00
0.00
0.00
0.00
0.00
1.20
0.00
0.00
0.00
8.80
0.00
0.00
0.00
0.00
0.00
0.00
0.00
0.00
0.50
0.60
0.00
2.70
19.00
0.00
0.00
0.00
0.00
0.00
0.00
0.00
0.00
0.00
0.00
0.00
0.00
0.00
0.00
4.10
2.40
0.00
0.00
0.00
0.00
0.00
0.00
0.00
0.00
0.00
0.00
0.00
0.00
2.00
0.00
0.00
0.00
0.00
3.60
0.00
7.80
1.20
1.60
0.00
0.00
0.00
0.00
0.00
10.00
0.00
13.60
1.20
0.00
0.00
0.00
0.00
5.80
0.00
0.00
0.00
1.50
0.00
0.00
0.00
0.00
0.30
0.00
0.00
0.00
0.00
0.00
0.00
0.00
4.20
0.00
0.00
0.00
0.00
32.70
4.40
0.00
0.00
0.00
0.00
0.00
1.40
0.00
5.40
0.90
0.00
0.70
0.00
0.50
0.00
0.00
0.40
0.00
0.00
0.00
0.70
0.00
0.00
0.00
0.00
0.00
0.00
0.60
0.00
0.00
0.00
0.00
0.90
0.00
0.00
0.00
2.60
35.90
24.80
11.00
0.00
3.30
0.00
0.40
0.00
0.00
0.60
0.00
0.00
0.00
0.00
0.00
3.20
8.60
0.00
10.80
13.50
1.60
0.00
0.00
0.00
0.00
2.70
10.60
3.20
5.30
9.50
2.50
1.00
4.90
15.20
0.00
0.00
0.00
5.00
0.00
0.00
0.90
0.00
11.90
1.00
0.00
0.00
0.00
3.70
6.10
2.90
0.80
0.50
0.00
11.90
5.00
0.80
4.90
2.60
14.90
5.50
7.90
15.80
5.30
6.50
19.30
0.00
0.70
0.00
11.60
5.30
12.20
0.50
13.70
0.00
0.00
0.00
0.00
23.50
0.00
0.00
0.00
0.00
0.00
0.00
0.00
3.00
0.00
1.00
3.30
0.00
0.00
0.00
0.00
0.00
0.00
0.00
0.00
0.00
26.40
2.50
0.00
0.00
0.00
0.00
1.20
13.30
19.40
3.00
2.00
4.20
0.80
0.30
0.00
0.00
3.70
0.00
0.00
0.00
0.00
0.00
4.50
0.00
0.00
1.10
0.00
0.00
0.00
0.00
0.00
0.00
0.00
0.00
0.00
0.00
0.00
0.00
0.00
0.00
0.00
0.00
0.00
0.00
0.00
0.00
0.00
0.00
0.00
0.00
0.00
0.00
0.50
0.00
0.00
0.00
0.00
0.00
0.00
0.00
0.00
0.00
0.00
0.00
0.00
0.00
0.00
0.00
0.00
0.00
0.00
0.00
0.00
0.00
0.00
0.00
0.00
0.00
0.00
0.00
0.00
0.00
0.00
0.00
0.00
0.00
0.00
0.00
0.00
0.00
0.00
0.00
0.00
0.00
0.00
0.00
0.00
0.00
0.00
0.00
0.00
0.00
0.00
0.00
0.00
0.00
0.00
0.00
0.00
0.00
0.00
0.00
0.00
0.00
0.00
0.00
0.00
0.00
0.00
0.00
0.00
0.00
0.00
0.00
0.00
0.00
0.00
0.00
0.00
0.00
0.00
0.00
0.00
0.00
0.00
0.00
0.00
0.60
4.60
0.00
0.00
0.00
0.00
0.00
0.00
0.00
0.00
0.00
0.00
0.00
0.00
0.00
0.00
0.00
0.00
0.00
0.00
0.00
0.00
0.00
0.00
0.00
0.00
0.00
0.00
0.00
0.00
0.00
0.00
3.20
0.40
0.60
0.00
0.50
4.40
0.00
12.60
0.00
0.00
1.20
0.00
0.00
0.00
0.00
0.00
0.00
0.00
0.00
0.00
0.00
0.00
0.00
5.10
0.00
0.00
16.40
0.00
3.30
1.60
0.00
9.40
5.10
0.00
0.00
0.00
0.00
0.00
18.50
5.20
3.20
0.00
3.00
0.00
1.20
0.00
7.70
0.90
0.00
0.00
0.00
0.00
0.00
0.00
0.00
0.00
0.00
0.00
0.00
0.00
0.00
1.20
13.80
0.00
1.00
1.40
0.00
0.00
3.10
0.00
0.00
0.00
0.00
2.10
0.00
2.20
0.80
0.00
0.00
3.90
2.00
0.00
0.00
0.00
0.00
0.00
0.00
10.90
0.00
0.00
1.60
0.00
0.00
2.90
0.60
0.00
0.00
1.90
1.30
0.00
14.00
0.00
0.70
0.00
0.00
0.00
0.00
0.60
9.00
0.00
3.00
25.00
6.90
14.80
1.00
0.00
12.00
31.60
3.30
3.10
0.00
0.00
0.00
0.00
1.20
6.30
16.90
6.60
2.20
12.80
7.10
1.00
6.60
14.80
1.50
0.00
19.40
6.30
1.80
0.00
8.60
13.70
3.60
12.40
0.00
2.50
29.00
0.00
0.00
0.00
0.00
0.00
0.00
2.20
14.90
0.00
2.20
3.90
0.00
1.10
0.00
0.00
0.00
0.00
0.00
0.00
0.00
1.00
0.00
1.70
4.10
0.00
0.00
0.00
0.00
6.50
12.90
0.00
0.00
0.00
0.00
0.00
0.00
0.00
0.00
0.00
14.80
2.80
1.60
7.10
0.00
0.00
0.00
19.40
0.00
0.60
0.00
0.00
0.00
2.30
0.60
0.00
1.70
5.00
0.60
0.00
10.30
0.00
20.20
0.00
0.00
0.60
0.70
0.00
0.00
0.00
0.00
0.00
0.00
1.80
2.00
0.50
0.00
0.00
0.00
0.00
0.00
0.00
0.00
0.00
0.00
0.00
0.00
0.00
0.00
3.20
0.00
0.00
0.00
0.50
0.00
0.00
0.00
0.00
0.00
0.00
0.00
0.00
0.00
0.00
0.00
0.00
0.00
0.00
0.00
0.00
0.00
0.00
0.00
0.00
0.00
0.00
0.00
0.00
0.00
0.00
0.00
1.00
0.00
0.00
0.00
0.00
0.00
0.00
0.00
0.00
0.00
0.00
0.00
0.00
0.00
0.00
0.00
0.00
0.00
0.00
0.00
0.00
0.50
0.00
0.00
0.00
0.00
0.00
0.00
0.00
0.00
0.00
0.00
0.00
0.00
0.00
0.00
0.00
0.00
0.00
0.00
0.00
0.00
0.00
0.00
0.00
0.00
0.00
0.00
0.00
0.00
0.00
0.00
0.00
0.00
0.00
0.00
0.00
0.00
0.00
0.00
0.00
0.00
0.00
0.00
0.00
0.00
0.00
0.00
0.00
0.00
0.00
0.00
0.00
0.00
0.00
0.80
0.40
0.00
0.00
0.00
0.00
0.00
0.00
0.00
2.60
0.00
0.00
0.00
0.00
0.00
0.00
0.00
0.00
0.00
0.00
0.00
0.00
0.00
1.40
0.00
0.00
0.00
0.00
0.00
0.00
0.00
0.00
0.00
0.00
0.00
5.70
0.00
0.00
0.00
0.00
0.00
0.90
8.30
0.00
6.80
0.00
0.00
0.00
0.00
0.00
0.00
0.00
0.00
1.60
0.00
0.00
0.00
1.60
0.00
0.00
0.00
0.00
0.00
0.00
0.00
0.00
0.00
3.80
4.70
0.50
0.00
0.00
26.50
4.60
0.00
9.10
3.50
0.00
0.00
0.00
0.60
3.10
0.00
3.30
6.60
0.40
0.00
0.00
0.00
0.00
0.00
0.00
0.00
1.10
0.00
7.30
0.00
0.00
0.00
4.40
1.40
0.80
11.00
0.00
0.00
0.00
1.60
9.70
0.00
0.00
0.00
2.20
0.00
3.10
11.80
0.00
0.00
0.00
0.80
0.00
0.00
0.00
2.50
5.80
22.00
3.40
6.40
18.80
2.20
1.10
0.40
0.00
0.00
3.90
3.40
14.80
0.00
0.00
10.60