13.6
9.8
1.2
0.0
5.6
10.8
3.5
0.0
4.8
1.7
0.3
2.2
0.0
0.0
1.0
0.0
0.0
0.0
0.0
2.1
0.0
9.0
0.0
0.4
0.0
0.0
7.5
10.2
9.0
9.0
3.1
12.0
12.6
1.0
2.3
0.0
0.0
0.0
0.0
1.7
0.0
0.0
0.0
0.0
4.6
4.2
4.8
0.0
11.9
0.0
0.0
0.0
1.0
0.0
0.2
2.4
0.0
0.0
4.6
1.0
2.8
8.1
23.4
5.0
36.5
12.0
0.0
1.8
8.4
9.5
17.3
3.3
3.4
0.0
7.1
5.8
50.5
8.0
1.3
3.0
11.0
1.0
1.6
1.1
0.6
0.0
27.5
4.4
0.0
0.0
17.5
5.0
0.3
0.5
0.0
0.0
0.0
0.2
0.0
0.0
0.0
1.0
3.2
0.0
0.0
0.0
0.0
14.9
8.3
3.4
0.0
0.0
0.0
0.0
0.0
0.0
0.0
0.0
0.0
8.0
4.0
0.7
0.0
0.0
0.0
0.0
0.0
0.0
0.0
0.0
0.0
0.0
0.0
0.0
0.0
0.0
0.0
0.0
0.0
0.0
0.0
0.0
0.0
0.0
0.0
0.0
0.0
0.0
0.0
0.0
0.0
0.0
0.0
0.0
0.0
0.0
0.0
0.0
0.0
0.0
0.5
0.0
0.0
0.0
0.0
0.0
0.0
0.0
0.0
0.0
0.0
0.0
0.0
0.0
0.0
0.0
0.0
0.0
0.0
0.0
0.0
0.0
0.0
0.0
0.0
0.0
0.4
0.0
0.0
0.0
0.0
0.0
0.0
0.0
0.0
0.0
0.0
0.0
0.0
0.0
0.0
0.0
0.0
0.0
0.0
0.0
0.0
0.0
0.0
0.0
0.0
0.0
0.0
0.0
0.0
0.0
0.0
0.0
0.0
0.0
0.0
0.0
0.0
0.0
0.0
0.0
0.0
0.0
0.0
0.0
0.0
0.0
0.0
0.0
0.0
0.0
0.0
0.0
0.0
0.0
0.8
0.0
0.0
1.6
0.3
0.0
1.5
0.0
0.0
0.0
0.0
0.0
0.0
0.0
0.0
0.0
0.0
9.8
12.4
0.0
11.2
10.8
0.0
0.0
0.0
0.0
0.0
0.0
0.0
0.0
0.0
0.2
0.0
0.0
12.9
4.3
7.2
1.6
2.2
0.0
0.0
2.2
10.2
3.6
5.8
1.6
2.1
4.5
3.2
0.7
0.0
0.0
0.0
0.0
14.2
1.6
0.0
0.0
0.0
0.0
1.3
0.0
15.6
13.4
0.0
0.0
0.0
0.0
0.0
0.0
0.0
0.0
15.0
14.6
0.0
0.0
0.0
13.5
0.0
7.0
0.0
0.0
0.0
0.0
0.0
0.0
0.0
0.0
0.0
0.0
0.0
0.0
0.0
0.0
0.0
0.0
0.0
0.0
0.0
0.0
0.0
0.8
0.0
0.0
0.0
0.0
0.8
0.3
6.2
4.0
0.0
0.0
0.0
0.0
0.0
0.0
0.0
0.0
2.5
10.5
0.6
1.1
1.1
0.6
4.4
8.0
1.3
0.9
8.3
1.2
0.0
0.0
0.0
0.0
0.0
0.0
0.0
4.9
0.0
26.0
17.2
0.4
0.7
1.1
5.8
2.3
0.0
7.9
0.0
6.8
2.2
1.4
29.8
1.1
7.0
9.1
5.3
1.2
11.2
5.3
4.9
0.3
18.5
0.0
11.3
11.4
0.2
0.0
0.0
0.0
0.0
0.0
0.0
0.0
0.0
0.0
0.7
6.0
1.7
2.5
1.6
11.0
0.6
0.6
0.0
4.5
0.2
0.0
0.0
2.6
0.0
0.0
12.7
7.7
3.8
23.4
39.5
1.3
6.7
0.0
0.0
1.0
0.6
2.5
0.0
0.0
0.7
0.0
0.0
0.0
2.1
0.0
0.0
1.3
0.0
0.0
0.0
0.0
0.0
0.0
0.0
0.0
0.0
0.0
0.0
0.0
0.0
0.0
0.0
0.0
0.0
18.0
0.0
0.6
0.4
0.0
0.0
0.0
0.0
0.0
0.0
0.0
0.0
0.0
0.0
0.0
0.0
0.0
0.0
5.9
0.0
0.0
0.6
0.0
0.0
0.0
0.0
0.0
0.0
3.2
0.0
0.0
0.0
0.0
0.0
0.0
0.0
0.0
0.0
0.0
0.0
0.0
0.0
0.0
0.0
0.0
0.0
0.0
0.0
0.0
0.0
0.0
0.0
3.0
3.0
4.4
0.2
0.0
0.0
0.0
0.0
0.0
0.0
0.0
0.0
0.0
0.0
0.0
0.0
0.0
0.0
0.0
0.0
0.0
0.0
0.0
0.0
0.0
0.0
0.0
0.0
0.0
0.0
0.0
0.0
0.0
0.0
0.0
0.0
0.0
0.0
0.0
0.0
0.0
0.0
0.0
0.0
0.0
0.0
0.0
0.0
0.0
0.0
0.0
0.0
0.0
0.0
0.0
0.0
0.0
0.0
0.0
0.0
0.0
3.0
0.0
0.0
0.0
0.0
2.2
8.8
2.6
0.7
0.0
0.0
0.0
0.0
7.7
14.2
0.0
0.0
0.0
0.0
0.0
0.0
0.0
0.0
0.0
0.0
0.0
0.0
0.0
0.0
0.0
0.0
0.0
0.0
0.0
0.0
0.0
0.0
0.0
0.0
0.0
0.0
0.0
0.0
3.0
0.0
0.0
6.5
0.0
0.0
0.0
0.0
0.0
0.0
0.0
0.0
0.0
0.0
0.0
0.0
0.0
0.0
0.0
8.2
4.6
10.0
14.1
5.4
18.8
26.6
10.0
0.0
0.0
0.0
0.0
0.0
3.2
0.0
0.0
0.0
0.0
5.5
4.2
3.9
0.0
0.0
0.0
0.0
0.6
0.0
0.0
0.0
0.0
0.0
0.0
0.0
0.0
0.0
0.0
0.0
0.0
0.0
0.0
0.0
0.0
0.0
0.0
0.0
0.0
0.2
0.0
0.0
0.0
0.0
0.0
18.5
5.5
0.0
0.0
0.0
2.0
9.6
5.7
0.0
9.4
1.0
33.6
0.0
0.0
0.0
0.0
0.0
3.0
3.0
0.8
0.0
2.5
3.0
10.6
0.0
0.0
3.3
2.4
0.3
15.3
3.5
11.1
2.6
2.0
10.7
3.0
0.2
0.0
32.1
36.5
62.0
33.3
8.7
0.2
12.9
0.0
5.4
27.8
27.5
8.3
9.6
3.3
14.2
27.7
0.7
9.6
5.4
33.5
13.3
0.6
0.0
11.9
23.3
0.4
7.0
2.0
8.1
0.0
0.0
0.5
0.0
0.0
1.1
0.0
0.0
5.0
8.3
6.9
3.3
2.0
31.0
1.7
17.0
18.4
0.0
0.0
0.0
23.8
30.4
16.9
0.0
1.5
0.0
0.0
2.0
2.3
9.5
5.0
4.5
22.3
10.3
13.6
9.5
2.3
0.0
5.5
24.7
0.0
0.0
10.7
0.0
1.8
27.0
0.0
10.9
14.3
4.2
1.5
0.0
0.0
0.0
0.0
0.0
0.0
0.0
0.0
2.0
8.5
0.0
20.4
0.0
0.0
0.0
0.9
0.0
0.0
0.0
0.0
0.0
0.0
0.0
0.0
0.0
0.0
0.0
0.0
0.0
0.0
1.7
2.4
4.7
0.0
0.0
0.0
0.0
0.0
5.5
0.0
0.0
0.8
0.0
0.0
0.0
0.4
0.2
4.4
13.8
0.0
0.0
0.0
0.0
1.4
0.0
0.0
0.0
0.0
0.0
0.0
0.0
0.0
0.0
0.0
0.0
0.0
0.0
0.0
0.0
0.0
0.0
0.0
0.0
0.0
0.0
0.0
0.0
0.0
0.0
0.0
0.0
0.0
0.0
0.0
0.0
0.0
0.0
5.1
0.0
0.0
0.0
0.0
0.0
0.0
0.0
0.0
0.0
0.0
0.0
0.0
2.0
18.3
0.0
0.0
0.0
0.0
0.0
0.0
0.0
0.0
0.0
0.0
0.0
0.0
0.0
0.0
0.0
0.0
0.0
0.0
0.0
0.0
0.0
0.0
0.0
0.0
0.0
0.0
0.0
0.0
0.0
0.0
0.0
0.0
0.0
0.0
0.0
0.0
0.0
0.0
0.0
4.3
3.1
3.7
0.0
1.6
0.0
0.0
0.0
0.0
0.0
0.0
0.0
0.0
0.0
0.0
0.0
1.8
0.0
0.0
0.0
0.0
1.6
0.0
0.0
0.0
0.8
0.0
0.0
0.7
0.0
0.0
0.0
0.0
0.0
0.4
0.0
1.1
0.0
0.0
0.0
0.0
0.0
0.0
0.0
3.4
0.0
0.0
0.0
0.0
10.4
0.0
2.4
19.5
0.2
0.0
0.0
0.0
25.5
0.0
0.8
0.8
0.0
0.0
0.0
0.0
0.0
0.0
0.0
0.0
0.0
0.0
9.9
0.0
0.0
4.0
0.0
0.0
2.4
13.0
0.0
1.4
2.0
0.2
0.0
0.0
0.0
0.4
0.0
0.0
0.0
0.0
0.0
0.0
0.0
0.0
0.0
0.0
0.0
0.0
0.0
0.0
0.0
0.0
0.0
0.9
7.7
15.6
0.0
0.0
4.5
0.0
0.0
0.0
0.0
2.4
13.3
1.7
0.0
0.0
0.0
0.0
0.0
0.0
3.2
35.7
7.8
2.4
1.1
0.5
4.6
0.7
1.2
9.7
0.0
0.0
1.2
45.3
0.3
0.4
0.0
4.7
1.6
0.0
0.0
0.0
0.0
0.0
0.0
0.0
0.0
2.2
0.0
0.0
11.6
38.6
16.8
7.8
11.1
0.0
0.0
0.3
0.5
0.0
0.0
0.0
1.9
4.3
1.8
9.7
0.0
8.7
43.8
3.8
2.8
7.0
25.9
6.6
0.8
0.0
0.3
1.2
12.0
26.4
3.4
0.0
20.5
4.2
0.3
2.0
40.8
12.0
0.0
0.7
9.2
8.7
5.0
8.5
5.7
8.8
7.7
0.0
0.0
0.0
7.9
2.9
0.3
0.4
3.1
0.0
0.9
0.0
0.0
26.0
24.4
20.2
41.2
0.0
14.7
28.3
0.0
0.0
0.0
0.0
0.0
0.8
0.2
0.2
4.4
21.6
0.0
1.3
0.8
0.0
0.0
0.0
0.0
0.2
2.2
0.0
0.5
7.0
0.2
0.0
6.0
0.5
0.8
0.0
0.3
2.9
1.5
10.4
6.0
0.5
0.0
0.0
2.7
0.0
0.0
0.0
0.0
0.0
1.0
2.5
0.0
9.3
0.9
0.0
1.2
0.0
0.0
0.0
0.0
0.0
0.0
2.6
0.0
0.0
0.0
0.0
0.0
0.0
0.0
0.0
0.0
0.0
0.0
0.0
0.0
0.0
0.6
0.0
0.0
0.0
0.0
0.0
0.0
0.0
0.0
0.0
0.0
0.0
0.0
0.0
0.0
0.0
0.0
0.0
0.0
0.0
0.0
0.0
0.0
0.0
0.0
0.0
0.0
2.0
1.0
1.4
0.0
0.0
0.0
0.0
0.0
0.0
0.0
0.0
0.0
10.2
9.1
4.0
0.0
4.0
0.0
0.0
1.6
0.2
0.3
0.0
0.0
0.0
0.0
0.0
0.0
0.0
0.0
2.8
0.0
0.0
0.0
0.0
0.0
0.0
0.0
0.0
0.0
0.0
0.0
1.2
0.5
0.0
0.0
0.0
0.3
0.0
0.0
0.0
1.2
0.3
0.0
0.0
0.0
0.0
0.0
0.0
1.1
5.8
0.2
0.0
0.0
0.0
3.2
6.3
11.7
0.9
0.2
0.0
0.0
0.0
0.0
0.0
15.3
3.4
9.9
0.0
0.0
0.0
0.6
4.7
10.5
0.9
0.0
0.0
0.0
0.0
0.0
0.0
0.0
0.0
0.0
0.0
0.2
0.5
0.2
0.0
0.0
0.0
0.0
0.0
12.1
8.9
0.4
0.0
0.0
3.9
3.3
9.7
6.9
0.0
0.0
0.0
5.9
0.0
0.0
0.0
3.2
13.1
8.6
23.1
0.0
0.0
17.3
0.4
0.0
0.0
0.0
3.9
0.0
0.0
0.0
0.0
0.0
0.0
0.0
0.0
0.0
7.4
0.0
5.1
6.2
2.2
2.9
0.0
21.0
4.6
35.3
6.1
19.7
19.3
0.6
0.0
0.0
2.4
5.1
6.8
4.8
16.1
10.3
0.0
10.6
0.0
0.0
0.0
0.0
0.0
0.9
0.0
0.0
2.2
0.0
6.8
16.0
3.1
16.5
8.8
0.0
4.5
0.5
0.9
0.0
0.0
10.1
0.0
0.0
20.7
0.9
0.0
0.0
0.0
1.7
0.0
0.7
0.0
13.0
16.6
4.8
12.8
3.5
14.1
1.3
4.2
34.5
30.1
39.4
38.0
2.9
11.4
5.4
20.2
6.8
3.8
0.0
13.2
0.0
0.0
0.0
0.0
0.0
0.0
8.5
4.6
1.5
0.0
0.2
0.0
4.4
0.3
7.8
0.8
0.0
0.0
2.1
2.6
6.7
36.0
13.0
3.3
10.7
40.1
9.7
1.9
0.0
0.8
0.0
2.2
0.7
0.0
5.8
2.7
0.0
0.0
0.0
13.2
0.4
0.0
18.8
6.4
0.0
0.0
0.0
0.0
2.6
0.7
11.6
0.0
0.0
1.8
0.0
0.0
0.0
0.0
0.0
0.0
0.0
0.0
6.4
13.7
18.5
0.0
0.0
0.0
0.0
0.0
2.5
0.0
1.8
0.0
0.0
0.0
7.1
0.0
0.0
0.0
0.0
0.2
0.5
0.0
0.3
0.7
0.6
0.0
0.0
0.0
0.0
0.0
0.0
0.0
0.0
0.0
0.0
0.0
0.0
0.0
0.0
0.0
0.0
0.0
0.0
0.0
10.2
0.2
0.0
10.0
0.4
0.0
0.0
0.0
0.0
0.0
0.0
0.0
0.0
0.2
0.0
0.0
0.0
0.0
0.0
0.0
0.0
0.0
0.0
0.0
0.0
0.0
0.0
0.0
0.0
0.0
0.0
0.0
0.0
0.0
10.6
0.0
0.0
0.0
0.0
0.0
0.0
0.0
0.0
0.0
0.0
0.0
0.0
0.0
0.0
0.0
0.0
0.0
0.0
0.0
0.0
0.0
0.0
0.0
0.0
0.0
0.0
0.0
0.0
0.0
0.0
0.0
0.0
0.0
0.0
0.0
7.2
0.0
0.0
2.9
0.0
0.0
0.0
0.0
0.0
2.3
0.0
0.0
0.0
3.8
0.4
0.0
0.0
0.0
0.0
0.0
0.0
0.0
0.0
0.0
0.0
0.0
0.0
0.0
0.0
0.0
0.0
0.0
0.0
7.8
0.0
0.0
0.0
0.0
0.0
0.2
3.5
0.0
0.0
0.4
0.0
0.0
0.0
6.4
17.7
0.0
11.4
0.0
0.0
0.0
0.0
0.0
0.0
0.0
0.0
0.0
6.4
1.3
0.0
0.0
0.0
0.0
0.0
0.0
0.0
0.0
17.4
0.0
0.0
0.0
0.0
0.0
0.0
0.0
0.0
0.0
0.0
0.0
0.0
0.0
0.0
0.0
0.0
0.0
0.0
0.0
0.0
0.0
0.9
0.0
5.5
0.5
13.6
9.2
7.6
2.6
1.5
0.0
0.0
0.0
0.0
1.0
0.0
0.0
0.0
0.0
0.0
7.2
0.0
0.0
0.0
0.0
0.0
0.0
0.0
0.0
0.0
0.0
0.0
0.0
0.0
0.0
0.0
0.0
0.0
0.0
0.0
0.0
0.2
0.0
0.0
0.0
0.0
6.6
0.0
2.3
43.3
10.6
0.0
0.0
7.0
2.6
5.9
0.0
4.1
14.9
0.0
2.0
0.0
2.7
74.3
0.0
0.0
18.2
22.9
1.5
19.5
0.4
0.0
0.6
0.0
1.7
6.3
0.0
22.0
4.7
0.5
26.5
52.4
33.7
11.6
0.0
5.9
18.8
0.0
8.7
8.3
3.0
7.6
0.0
3.4
3.7
0.6
4.3
0.0
0.0
0.0
0.0
3.8
16.4
0.0
1.8
3.9
4.6
1.2
0.0
0.0
22.5
16.1
8.1
11.0
4.6
1.5
0.0
5.9
0.0
11.3
1.6
0.0
0.0
0.0
0.0
0.0
0.0
0.0
0.0
0.0
0.0
0.0
0.0
0.0
0.0
0.0
0.5
1.5
0.0
0.0
0.6
0.0
1.6
0.0
0.0
0.0
0.0
0.0
0.0
1.0
4.8
8.2
35.5
0.6
0.0
2.1
0.0
2.2
2.5
0.0
0.2
0.0
1.0
0.0
0.0
0.0
1.6
0.0
0.0
0.0
0.0
0.0
0.0
0.0
5.9
0.0
13.8
3.7
0.6
0.2
0.0
0.0
0.0
0.6
0.0
0.0
0.0
0.0
0.0
0.6
0.0
0.0
1.2
0.5
0.0
0.0
0.0
3.1
0.0
0.0
0.0
0.0
0.0
0.0
0.0
0.0
0.0
0.0
0.0
0.0
0.0
0.0
0.0
0.0
0.0
0.0
0.0
0.0
0.0
0.0
0.0
0.0
0.0
0.0
0.0
0.0
0.0
0.0
0.0
0.0
0.0
0.0
1.9
0.0
0.0
5.8
0.0
0.0
0.0
0.0
0.0
0.0
0.0
1.3
4.2
0.0
0.0
2.7
0.0
0.0
1.3
0.0
8.4
0.5
0.5
0.0
0.0
0.0
0.0
0.0
0.0
0.0
0.0
0.0
0.0
0.0
0.0
0.6
0.0
0.0
0.0
0.0
0.0
0.0
0.0
0.0
0.0
0.0
0.0
0.0
0.0
0.0
0.0
0.0
0.0
0.0
0.0
0.0
0.0
0.0
0.0
0.0
0.0
0.0
0.0
0.0
0.0
0.0
0.0
0.0
0.0
0.5
3.7
0.0
0.4
25.9
0.0
0.0
0.0
0.0
0.0
0.0
0.0
0.0
0.0
0.0
0.0
0.0
0.0
0.0
3.8
1.0
0.0
0.0
0.0
0.0
0.0
0.3
0.0
0.0
0.0
0.0
0.0
0.0
0.0
0.0
0.0
0.0
0.0
6.0
0.0
7.2
0.0
3.8
0.0
0.0
0.0
0.0
0.0
0.2
0.0
6.6
0.2
0.0
0.0
0.0
0.0
3.2
7.3
0.0
0.0
0.0
0.0
0.0
0.0
0.0
0.0
0.0
0.0
0.0
0.0
0.0
0.0
0.0
0.3
0.0
0.0
4.3
0.3
35.3
14.5
0.0
0.0
0.0
0.0
0.0
5.2
5.5
0.0
0.0
0.0
0.0
0.0
0.0
1.7
0.0
0.0
0.0
0.0
0.0
2.4
0.0
0.0
0.0
0.0
0.0
0.0
0.0
0.0
0.0
0.0
0.0
0.0
0.0
0.0
0.0
15.4
13.1
5.1
5.1
0.0
0.5
1.8
0.7
0.0
0.0
0.0
0.0
0.0
0.6
0.0
0.0
0.0
9.8
0.0
16.7
9.3
0.0
0.0
0.0
0.0
2.1
0.0
0.2
5.0
0.0
8.6
24.7
15.2
0.0
24.7
0.5
0.0
9.9
13.3
1.1
0.0
0.0
0.0
0.6
3.8
0.0
0.0
5.0
0.0
3.3
0.5
0.0
0.0
0.0
22.2
17.6
15.0
23.6
22.0
7.4
4.2
13.0
17.4
27.8
14.1
15.4
0.0
0.0
0.0
2.1
8.0
10.9
7.9
0.0
0.0
2.2
0.0
0.0
2.5
0.0
2.6
0.0
0.0
0.0
0.0
3.4
1.1
2.5
4.8
6.2
1.7
0.0
0.0
0.0
0.0
0.0
0.0
0.0
0.0
2.1
2.1
0.0
0.0
0.0
0.0
0.0
0.4
4.4
0.0
0.0
5.2
2.4
0.0
0.0
0.0
0.0
0.2
0.0
0.0
0.0
34.9
5.4
0.0
1.6
0.0
0.0
0.0
0.0
0.0
0.0
0.0
0.0
0.2
0.0
0.0
0.0
0.0
0.0
0.0
0.0
0.0
0.0
0.0
0.0
0.0
0.0
0.0
0.0
0.0
0.0
0.0
0.0
0.0
0.0
0.0
0.5
0.0
0.0
0.0
0.0
0.0
0.0
0.0
0.0
0.0
0.0
0.0
0.0
0.0
0.0
0.0
0.0
0.0
0.0
0.0
0.0
0.0
0.0
0.0
0.0
0.0
0.0
0.0
0.0
0.0
0.0
0.0
0.0
0.0
0.0
0.0
0.0
0.0
0.0
0.0
0.0
0.0
0.0
0.0
0.0
0.0
0.0
0.0
0.0
0.0
0.0
0.0
0.0
0.0
0.0
0.0
0.0
0.0
0.0
0.0
0.0
0.0
0.0
0.0
0.0
0.0
0.0
0.0
0.0
0.0
0.0
0.0
0.0
0.0
0.0
0.0
0.0
0.0
0.0
0.0
0.0
0.0
9.0
0.0
0.0
0.0
0.0
0.0
0.0
0.0
0.0
0.0
0.0
0.0
0.0
0.0
0.0
0.0
0.0
0.0
0.0
0.0
0.0
0.0
0.0
0.0
0.0
0.0
0.0
0.0
0.0
0.0
0.0
0.0
0.0
0.9
8.0
0.0
0.0
0.0
17.2
0.0
0.5
2.8
0.7
0.0
0.0
0.0
0.0
0.0
0.0
0.0
0.0
0.0
0.0
0.0
0.5
0.0
0.0
0.0
0.0
22.8
4.7
0.3
9.4
12.2
3.8
0.0
0.0
0.0
0.0
17.5
5.1
6.5
0.0
0.9
0.0
0.0
0.0
11.5
0.0
0.0
0.0
0.0
0.0
0.0
0.0
0.0
0.0
0.0
0.0
0.0
0.5
0.4
10.1
10.8
33.2
0.5
10.7
0.0
0.0
7.9
0.0
0.0
0.0
5.1
1.0
0.0
1.0
2.5
0.0
0.2
4.8
8.5
0.0
0.0
0.0
0.0
0.0
13.2
5.6
0.3
0.0
0.0
0.0
0.0
0.0
0.0
0.5
0.0
0.0
21.7
10.8
4.9
0.0
0.0
0.0
2.3
0.0
0.0
0.0
0.3
0.2
0.0
23.5
3.4
5.5
3.2
35.8
17.3
28.3
6.5
4.1
0.0
0.0
0.3
4.3
34.8
7.8
15.5
1.1
0.5
19.5
4.0
1.9
0.0
17.6
5.0
0.0
13.7
2.7
19.1
0.2
3.3
18.2
8.3
4.4
0.0
0.0
0.0
0.0
0.0
1.0
0.0
0.0
0.0
12.2
17.8
1.2
0.0
26.8
21.4
1.7
0.0
0.0
0.0
0.0
0.0
0.5
0.0
0.5
0.0
0.0
1.6
0.0
0.2
0.2
8.5
1.6
0.7
6.7
7.4
0.0
0.0
0.0
0.0
0.0
0.0
0.0
0.4
0.0
0.0
1.6
0.2
0.0
0.2
2.8
4.4
2.0
6.6
0.0
2.2
6.5
1.5
0.0
0.3
22.1
0.0
1.8
3.1
0.0
4.0
0.0
0.3
0.0
0.0
0.0
0.0
0.0
0.0
0.0
0.3
1.7
0.5
11.9
0.0
0.0
0.0
0.0
0.0
0.0
0.0
0.0
0.0
0.0
0.0
0.0
0.0
0.0
0.0
0.0
0.0
2.4
0.0
0.0
0.0
0.0
0.0
0.0
0.0
0.0
0.0
0.0
0.0
0.0
0.0
0.0
0.0
0.0
0.0
0.0
0.0
0.0
0.0
0.0
0.0
0.0
0.0
0.0
0.0
0.0
0.0
0.0
0.0
0.0
0.0
0.0
0.0
0.0
0.0
0.0
0.0
0.0
0.0
0.0
0.0
0.0
0.0
0.0
0.0
0.0
0.0
0.0
0.0
0.0
0.0
0.0
0.0
0.0
0.0
0.0
0.0
0.0
0.0
0.0
0.0
0.0
0.0
0.0
0.0
0.0
0.0
0.0
0.0
0.0
0.0
0.0
0.0
0.0
0.0
0.0
0.0
0.0
0.0
0.0
0.0
0.0
0.0
0.0
0.0
0.0
0.0
0.0
0.0
0.0
0.0
0.0
0.0
0.0
0.0
0.0
0.0
0.0
0.0
0.0
0.9
0.0
0.0
0.0
0.0
0.0
0.0
0.0
0.0
0.2
0.0
0.0
0.0
0.0
0.0
0.3
0.0
0.0
0.0
0.0
0.0
0.0
0.0
0.0
0.0
0.0
0.0
0.0
0.0
0.0
0.0
0.0
0.2
0.0
0.0
7.2
0.0
0.0
0.0
0.0
0.0
9.7
11.2
0.0
26.7
0.0
0.0
0.0
0.0
0.0
0.0
0.0
0.0
0.0
0.0
0.0
1.2
1.3
0.0
0.0
0.0
0.0
0.0
0.6
0.0
0.0
0.0
0.0
0.8
0.0
0.0
1.6
9.6
0.7
0.2
0.9
0.0
0.0
0.0
0.0
0.0
4.4
0.0
12.7
8.2
0.0
0.0
0.0
0.0
0.0
0.0
0.0
0.0
0.0
0.0
0.0
0.0
0.0
0.0
0.0
7.4
0.7
2.7
3.7
0.0
0.0
0.0
24.0
0.8
0.0
17.1
1.6
0.0
0.5
22.2
0.0
0.2
0.0
0.0
0.0
0.0
0.0
8.7
3.3
1.3
7.8
13.1
3.1
20.3
6.5
4.5
0.0
5.7
11.1
5.5
10.4
5.2
0.0
0.0