6.9
5.0
0.0
0.0
1.9
0.2
10.5
0.6
5.2
6.9
4.8
0.8
5.6
0.8
0.0
0.0
0.0
0.0
0.0
2.9
4.7
0.0
0.0
2.2
10.0
8.3
3.2
3.4
6.4
8.9
7.9
0.1
2.6
2.9
3.6
2.8
7.0
0.5
0.0
2.2
0.0
6.6
0.5
6.9
12.8
7.7
2.6
4.9
3.1
6.0
8.7
15.0
2.2
3.9
0.1
13.7
26.7
9.1
1.6
2.5
27.6
4.5
3.5
6.5
1.5
1.1
24.9
27.5
5.4
7.0
3.2
2.2
2.5
0.0
4.8
19.7
3.5
8.0
8.7
17.6
2.5
1.0
5.2
6.3
15.5
0.6
5.5
0.5
1.5
2.6
12.3
26.0
1.3
0.7
1.1
0.0
0.3
0.0
2.5
0.0
0.0
0.0
0.0
0.0
0.0
13.9
10.0
0.2
0.5
5.7
2.9
0.0
1.8
0.0
0.0
0.0
0.3
0.3
1.8
8.1
14.6
0.3
0.0
0.0
0.0
0.0
0.0
0.0
0.0
0.0
0.0
0.0
0.0
0.0
0.0
0.0
0.0
0.0
0.0
0.0
0.0
0.0
0.0
0.0
0.0
0.0
0.0
0.0
0.0
0.0
0.0
0.0
0.0
0.0
0.0
0.0
0.0
0.0
0.0
0.0
0.6
0.0
0.0
0.0
0.0
0.0
0.0
0.0
0.0
0.0
0.0
0.0
0.0
0.0
0.0
0.0
0.0
0.0
0.0
0.0
0.0
0.0
0.0
0.0
0.0
0.0
0.0
0.0
0.0
0.0
0.0
0.0
0.0
0.0
0.0
0.0
0.0
0.0
0.0
0.0
0.0
0.0
0.0
1.5
0.0
0.0
0.0
0.0
0.0
0.0
0.0
0.0
0.0
0.0
0.0
0.0
0.0
0.0
0.0
0.0
0.0
0.0
0.0
0.0
0.0
0.0
0.0
0.0
0.0
0.0
0.0
0.0
0.0
0.0
0.0
0.0
0.0
0.0
0.0
0.0
3.9
0.0
0.0
0.0
0.0
3.7
1.5
0.0
0.0
0.0
0.0
0.0
0.0
0.0
0.0
0.0
0.0
2.2
0.0
0.4
1.0
12.2
0.0
0.0
0.0
0.0
0.0
0.0
0.0
0.0
0.0
0.0
0.0
0.0
9.2
39.7
13.5
18.2
0.4
0.5
0.0
0.6
0.0
10.3
1.1
0.0
7.9
0.0
2.0
2.1
0.0
0.0
0.0
1.6
2.2
0.4
0.0
0.0
0.0
0.0
0.0
0.0
13.6
0.0
0.0
0.0
0.0
0.0
0.0
0.0
0.0
3.7
11.8
1.4
1.0
0.0
0.0
0.0
0.0
0.0
0.0
0.0
0.0
0.0
0.0
0.0
0.0
0.0
0.0
0.0
0.0
0.0
0.0
0.0
0.0
0.0
2.0
1.2
0.0
0.0
0.0
8.2
0.5
0.0
0.0
0.0
0.0
0.0
0.6
1.3
0.0
0.0
0.0
4.9
10.0
7.0
4.3
3.0
2.8
1.9
1.4
0.0
12.1
0.0
1.1
15.3
0.5
0.0
2.5
23.6
4.7
5.4
18.6
9.4
19.5
3.3
3.3
1.2
9.2
23.7
15.8
1.5
12.8
4.0
0.0
4.0
13.3
8.5
1.4
4.5
4.8
7.1
26.1
3.8
9.3
12.8
5.0
11.0
9.4
1.0
0.5
3.6
1.1
0.0
2.6
14.5
8.3
2.7
6.6
3.1
0.6
5.4
4.6
1.6
18.4
3.9
0.0
15.0
15.0
4.1
8.8
0.0
1.8
2.5
10.0
0.0
2.9
0.0
3.0
1.5
6.6
2.4
21.1
27.6
10.9
4.5
14.6
18.5
2.5
0.0
0.0
0.0
0.0
0.5
1.5
1.0
6.2
10.3
0.0
0.0
0.0
0.0
0.0
0.0
0.0
0.0
0.0
0.0
0.0
0.0
2.0
0.0
0.0
0.0
0.0
0.0
0.0
0.0
9.2
0.0
0.0
1.2
0.0
0.0
0.0
0.0
2.0
0.0
0.0
0.0
0.0
0.0
0.0
0.0
0.0
0.0
0.0
0.0
0.0
1.6
0.0
0.0
0.0
0.0
0.0
0.0
0.0
3.3
0.0
0.0
0.0
0.0
0.0
0.0
0.0
0.0
0.0
0.0
0.0
0.0
0.0
0.0
0.0
0.0
0.0
0.0
0.0
0.3
0.0
0.0
0.0
0.0
0.0
0.6
2.2
1.0
0.3
0.0
0.0
0.0
0.0
0.0
0.0
0.0
0.0
0.0
0.0
0.0
0.0
0.0
0.0
0.0
0.0
0.0
0.0
0.0
0.0
0.0
0.0
0.0
0.0
0.0
0.0
0.0
0.0
0.0
0.0
0.0
0.0
0.0
0.0
0.0
0.0
0.0
0.0
0.0
0.0
0.0
0.0
0.0
0.0
0.0
0.0
9.3
0.0
0.0
0.0
0.0
0.0
0.0
0.0
0.0
0.0
0.0
0.2
0.0
0.0
0.7
0.0
0.0
0.2
0.2
3.4
0.0
0.0
0.0
0.0
0.0
0.2
0.0
0.0
0.6
0.9
0.0
0.0
0.0
0.0
0.0
0.0
0.0
0.0
0.0
0.0
0.0
0.0
0.0
0.0
0.0
0.0
0.0
0.0
0.0
0.0
0.0
0.0
0.0
0.0
0.0
0.0
0.4
2.8
0.0
0.0
0.0
0.0
0.0
0.0
0.0
0.0
0.0
0.0
0.0
0.0
0.0
0.0
4.5
4.5
1.2
18.0
4.5
0.0
3.4
2.6
0.5
0.8
0.0
2.4
0.0
2.5
0.0
0.5
0.0
0.0
0.0
3.5
1.7
0.9
0.0
0.0
0.0
0.0
0.0
0.0
0.0
0.0
0.0
0.0
0.0
0.0
0.0
0.0
0.0
0.0
0.0
0.0
0.0
0.0
0.0
0.0
0.0
0.0
0.0
0.0
0.0
0.0
0.0
0.0
0.0
1.0
0.0
0.0
0.0
0.0
0.0
5.0
0.5
0.3
12.0
8.4
18.0
0.0
0.0
0.0
0.0
0.0
6.5
0.0
20.3
0.0
0.0
0.0
0.0
0.3
0.0
0.0
0.0
13.3
1.9
6.6
4.2
12.5
5.7
0.0
11.7
22.5
25.7
11.0
11.1
5.4
1.8
15.6
18.3
8.9
4.6
7.9
9.0
26.7
3.5
3.8
36.2
6.6
9.9
3.0
5.2
3.6
14.0
14.8
2.0
3.0
0.1
3.1
4.2
10.2
10.8
13.6
0.0
0.0
4.7
1.1
0.0
0.0
11.0
0.5
3.2
2.9
9.2
10.9
5.5
18.6
25.7
24.7
9.3
5.6
4.9
3.3
9.5
1.8
18.2
7.5
19.1
3.0
2.0
8.3
0.3
0.0
11.0
9.1
0.0
1.2
9.4
8.4
13.0
21.4
14.0
26.5
6.7
0.5
0.0
0.0
7.2
1.7
0.0
11.2
5.0
0.0
2.1
0.2
0.0
0.0
0.0
0.0
0.0
3.5
0.9
0.0
0.5
11.2
7.1
1.7
0.3
11.5
0.0
0.0
0.0
0.0
0.0
0.0
0.0
0.0
0.0
0.0
0.0
0.0
0.0
0.0
0.0
2.8
3.1
1.5
0.0
0.0
0.0
0.0
0.0
0.0
1.5
0.0
0.0
0.0
0.0
0.0
0.0
0.0
1.0
0.0
0.0
0.0
0.0
0.0
0.0
0.0
0.0
0.0
0.0
0.0
0.0
0.0
0.0
0.0
0.0
0.0
0.0
0.0
0.0
0.0
0.0
0.0
0.0
0.0
0.0
0.0
0.0
0.0
0.0
0.0
0.0
0.0
0.0
0.0
0.0
0.0
0.0
0.0
0.1
0.0
0.0
0.0
0.0
0.0
0.0
0.0
0.0
0.0
0.0
0.0
0.0
4.5
8.0
0.0
0.0
0.0
0.0
0.0
0.0
0.0
0.0
0.0
0.0
0.0
0.0
0.0
0.0
0.0
0.0
0.0
0.0
0.0
0.0
2.5
0.0
0.0
0.0
0.0
0.0
0.0
0.0
0.0
0.0
0.0
0.0
0.0
0.0
0.0
0.0
0.0
0.0
0.0
0.0
6.7
0.6
0.0
8.6
4.0
0.0
4.0
0.0
0.0
0.0
0.0
0.0
0.0
0.0
0.0
0.0
0.0
4.8
1.9
0.8
1.4
0.0
0.0
0.0
0.0
0.0
0.0
0.0
0.0
0.0
0.0
0.0
0.0
0.0
0.0
0.2
0.0
0.8
0.0
2.1
0.0
0.0
0.0
0.2
0.0
0.0
0.0
0.0
0.6
1.7
27.7
14.5
0.0
0.0
0.0
0.0
3.0
0.0
0.0
0.0
0.0
0.0
0.0
0.0
0.0
0.0
0.0
0.0
0.0
0.0
0.0
0.0
0.0
0.0
0.0
0.0
10.5
11.0
0.0
0.0
0.0
0.0
0.0
1.2
0.0
0.5
0.0
0.0
0.0
0.0
0.0
0.0
0.0
0.0
0.0
0.0
0.0
0.0
0.0
0.0
0.0
0.0
0.4
19.1
1.6
0.0
0.0
0.0
1.0
0.0
0.0
0.0
0.0
0.8
0.0
0.5
0.0
0.0
0.0
0.4
2.4
30.8
5.1
17.9
11.5
0.8
1.2
0.0
16.8
4.6
0.0
0.0
0.0
0.0
11.3
1.8
0.0
0.0
0.0
2.0
0.1
0.0
0.9
0.0
0.0
0.0
4.0
10.3
8.2
0.8
0.7
7.1
0.0
5.6
26.8
4.9
2.4
4.0
7.1
3.5
5.0
1.5
0.0
0.0
0.6
0.4
5.4
2.0
4.9
29.1
7.8
7.7
5.3
16.4
12.5
5.3
6.9
1.8
1.9
9.2
12.6
8.9
12.2
22.6
7.1
3.7
0.0
7.1
9.3
2.8
6.6
12.3
8.7
6.9
8.0
6.0
4.0
21.8
16.5
7.4
0.0
2.8
6.7
8.4
9.9
6.6
3.6
9.7
9.9
6.5
0.0
0.0
7.0
6.9
3.8
2.0
12.5
18.1
7.0
6.6
6.9
0.0
0.0
11.1
1.8
0.0
11.3
23.7
0.0
0.0
0.0
0.0
0.0
0.0
0.0
0.0
6.7
6.8
0.0
7.0
12.8
13.0
7.8
0.0
9.3
19.7
12.5
8.5
9.3
9.1
6.9
1.0
7.2
11.9
7.3
0.0
0.0
0.0
0.0
0.0
6.8
9.9
2.8
0.4
0.0
0.0
0.0
0.0
0.0
0.0
0.0
0.0
0.0
0.0
0.0
1.0
0.0
0.0
0.0
0.0
0.0
0.0
0.0
0.0
0.0
0.0
0.0
0.0
0.0
0.0
0.0
0.0
0.0
0.0
0.0
0.0
0.0
0.0
0.0
0.0
0.0
0.0
0.0
0.0
0.0
0.0
0.0
0.0
0.0
0.0
0.0
0.0
0.0
0.0
0.0
7.0
0.0
0.8
12.0
0.0
0.0
0.9
0.0
0.0
0.0
0.0
0.0
1.0
13.8
0.0
0.0
4.1
0.0
0.0
4.8
0.4
0.0
0.0
0.0
0.0
0.0
0.0
0.0
0.0
0.0
7.7
10.9
0.0
0.0
0.0
0.0
2.8
0.0
0.0
0.0
0.7
0.0
0.0
0.0
0.0
0.0
0.0
0.0
0.3
0.5
0.0
4.0
0.0
0.0
0.0
0.0
0.0
0.0
0.0
0.4
4.8
0.4
0.0
0.0
0.0
1.3
0.0
1.3
0.0
0.9
0.0
0.0
0.0
0.0
0.0
3.9
4.4
0.0
0.0
0.0
0.0
0.0
0.0
0.2
0.0
0.0
0.0
0.0
0.0
0.0
0.0
0.0
0.0
0.0
0.0
0.0
1.5
1.4
0.4
0.0
0.0
0.0
0.0
16.5
3.4
1.8
0.0
0.0
1.6
0.0
1.0
4.9
0.0
0.0
15.0
0.0
7.0
2.1
0.0
1.7
3.0
2.1
6.0
0.0
0.4
0.0
0.0
2.0
0.0
0.0
0.0
0.0
0.0
0.0
0.0
0.0
0.0
0.0
0.0
0.0
1.8
0.0
2.5
7.2
0.0
16.7
2.4
0.8
8.2
4.2
3.1
18.5
1.0
12.3
0.0
0.0
0.0
33.2
3.3
1.8
9.9
3.2
0.0
7.3
0.0
0.0
0.0
0.0
4.0
0.0
0.0
0.0
0.0
6.7
9.6
3.8
0.0
6.5
10.7
0.0
0.0
0.0
3.8
0.0
0.0
0.0
0.0
4.2
23.9
0.0
0.0
0.0
0.0
8.8
0.0
0.0
0.0
24.5
3.8
12.2
0.2
13.8
5.2
2.0
0.3
5.0
10.5
3.2
9.4
3.7
3.9
2.6
0.5
0.7
9.3
3.4
8.3
2.0
10.9
0.6
3.3
4.5
0.0
0.0
0.0
8.7
0.2
3.0
0.0
3.9
0.0
0.0
0.0
0.0
0.3
2.0
3.5
8.0
2.5
5.4
0.5
3.7
6.2
2.3
6.2
7.3
6.8
15.0
25.7
2.6
14.1
4.0
7.1
0.0
5.3
0.0
0.0
1.7
0.0
5.0
0.7
0.0
16.5
5.5
0.0
8.0
19.7
5.8
1.7
0.0
1.5
0.0
3.8
0.0
2.0
0.2
0.0
26.1
1.9
1.0
0.0
0.7
0.0
0.0
0.8
0.0
0.0
1.3
0.0
0.0
0.0
0.0
0.0
0.0
0.0
0.0
0.0
0.0
0.6
5.5
0.7
2.0
0.0
0.0
0.0
0.0
0.0
0.0
0.0
0.0
0.0
0.0
0.0
0.0
0.0
0.0
0.0
0.0
9.4
0.0
0.0
0.0
0.0
3.8
3.0
6.0
2.1
0.0
0.0
0.0
0.0
0.0
0.0
0.0
0.0
0.0
0.0
0.0
0.0
0.0
0.0
0.0
0.0
0.0
0.0
0.0
0.0
0.0
0.0
0.0
0.0
0.0
0.0
0.0
0.0
0.0
0.0
0.5
0.0
0.0
0.0
0.0
0.0
0.0
0.0
0.0
0.0
0.0
0.0
0.0
0.0
0.0
0.0
0.0
0.0
0.0
0.0
0.0
0.0
0.0
0.0
0.0
0.0
0.0
0.0
0.0
0.0
0.0
0.0
0.0
0.0
0.0
0.0
0.0
0.0
0.0
0.0
0.0
0.0
0.0
0.0
3.6
0.8
0.0
0.0
0.0
0.0
0.3
0.6
0.0
0.0
0.0
0.0
0.0
0.0
0.0
0.0
0.0
0.0
0.0
0.0
0.0
0.0
0.0
0.0
0.0
5.0
0.0
0.0
0.0
0.0
0.0
0.0
0.0
0.0
10.6
0.0
0.0
0.0
0.0
0.0
1.8
0.0
1.6
0.0
0.2
0.0
0.0
0.0
0.0
4.2
9.7
4.5
16.7
2.9
0.0
0.0
0.0
0.0
0.0
0.0
0.4
3.3
0.3
0.0
0.0
0.0
0.0
0.0
0.0
0.0
0.0
0.0
0.0
0.0
0.0
0.0
0.0
0.0
0.0
0.0
0.0
0.0
0.0
0.0
0.0
0.0
0.0
4.0
6.1
0.0
0.0
6.0
0.6
0.0
0.0
0.0
0.0
0.0
0.0
6.6
0.0
0.0
0.0
1.7
0.0
0.0
0.0
0.0
0.0
0.0
0.0
0.0
0.0
0.0
0.0
0.0
3.0
0.0
0.0
0.0
0.0
1.1
0.0
0.0
0.0
0.0
1.5
0.0
0.0
8.5
0.0
0.2
0.0
8.0
0.0
0.0
10.2
2.0
0.0
0.0
0.2
2.0
0.0
5.1
16.5
7.0
0.5
0.0
3.5
2.0
19.8
1.2
19.0
1.3
0.3
11.1
3.0
12.8
28.0
7.6
10.5
10.6
10.6
2.9
0.3
23.7
9.5
24.2
9.2
9.9
5.2
10.0
23.8
15.2
12.2
6.0
0.0
1.6
0.0
10.9
0.0
5.1
1.6
0.0
0.0
1.3
4.4
28.7
13.7
3.8
1.9
5.9
12.8
14.8
1.3
8.5
14.9
1.2
0.5
4.0
2.0
4.8
7.8
0.2
0.0
0.0
0.0
0.0
0.0
0.0
0.0
0.0
0.0
0.0
0.0
0.0
0.0
3.5
4.8
6.9
4.0
0.0
0.0
0.0
0.0
0.0
0.0
0.0
0.0
0.5
0.0
0.0
0.0
2.9
7.5
8.0
0.0
0.0
0.0
0.0
10.0
4.5
0.0
3.0
0.0
0.0
0.0
1.6
0.0
0.0
0.0
1.2
0.6
0.0
0.0
0.0
0.0
6.0
0.0
2.9
0.0
0.8
0.0
0.0
0.0
0.0
0.0
0.0
0.0
0.0
0.0
0.0
3.3
0.0
0.0
10.2
0.0
0.0
0.0
0.0
0.0
0.0
0.0
0.0
0.0
0.0
0.0
0.0
0.0
0.0
0.0
0.0
0.0
0.0
0.0
0.0
0.0
0.0
0.0
0.0
0.0
0.0
0.0
0.0
0.0
0.0
0.0
0.0
0.0
0.0
0.0
0.0
0.0
0.0
0.0
1.6
0.0
0.0
0.0
0.0
0.0
0.0
0.0
0.0
0.0
0.0
0.0
0.0
0.0
0.0
0.0
0.0
0.0
0.0
2.9
2.3
8.5
1.0
5.0
0.0
0.0
0.0
0.0
0.0
0.0
0.0
0.0
0.0
0.0
0.0
0.0
0.0
0.0
0.0
0.0
0.0
0.0
0.0
0.0
1.2
1.2
0.0
0.0
0.0
0.0
0.0
0.0
0.0
0.0
0.0
0.0
2.5
0.0
0.0
0.0
0.8
0.0
0.0
0.0
0.0
0.7
0.6
1.1
0.0
7.4
1.0
0.0
16.8
7.4
0.0
0.0
0.0
0.0
0.0
0.0
0.0
0.0
0.0
0.0
0.0
0.0
0.0
0.0
10.0
5.9
0.0
0.0
0.0
0.0
0.0
0.0
0.0
0.0
0.0
0.0
0.0
0.0
0.0
0.0
0.0
0.0
0.0
0.0
0.0
0.0
0.0
0.0
0.0
0.0
0.0
0.0
0.0
0.0
1.0
1.0
0.0
0.0
0.0
0.0
0.0
0.0
0.0
0.0
0.0
0.6
0.0
0.0
0.0
0.0
0.0
0.0
0.0
0.0
0.0
0.0
0.0
0.0
5.0
0.0
0.0
0.0
3.0
5.6
5.7
0.0
0.0
0.0
0.0
0.0
0.0
0.0
0.0
0.0
0.0
0.0
0.0
2.1
0.0
0.0
1.8
2.2
0.0
0.0
0.0
0.0
0.0
0.0
0.0
3.8
0.0
1.8
1.6
0.0
0.0
0.0
0.2
0.0
0.3
3.8
3.8
2.9
9.9
0.6
4.8
0.0
1.3
1.4
0.0
0.0
0.0
0.0
0.0
0.0
0.0
0.0
8.0
18.4
0.6
2.4
9.5
12.4
0.0
0.0
17.0
5.4
0.0
4.0
5.9
15.9
22.6
3.8
0.0
8.9
0.0
4.4
1.8
1.3
5.9
1.6
0.0
0.0
0.0
0.0
0.0
6.4
0.0
0.0
0.3
0.0
12.0
0.6
9.8
1.2
0.4
4.6
5.6
14.8
8.5
9.9
0.0
17.5
0.0
5.5
1.4
4.5
10.0
5.3
0.6
11.3
1.3
3.8
3.0
8.7
2.2
0.0
0.0
0.0
5.5
5.1
0.6
0.0
0.0
0.0
0.0
0.0
4.2
0.2
1.5
8.5
13.5
0.0
0.0
0.0
0.0
0.0
0.0
0.1
0.3
14.4
0.6
0.5
0.0
0.0
13.3
7.0
3.0
4.3
1.2
0.0
0.5
4.0
0.0
10.0
0.9
0.0
0.7
0.0
0.0
0.0
5.0
1.8
0.0
0.0
1.5
0.0
0.0
0.0
0.0
0.0
0.0
0.0
0.1
0.0
0.0
0.0
0.0
0.0
0.0
0.0
0.0
0.0
0.0
0.0
0.0
0.0
0.0
0.0
0.0
0.0
0.0
0.0
0.0
0.0
8.3
0.0
0.0
0.0
0.0
0.0
0.0
0.0
0.0
0.0
0.0
0.0
0.0
0.0
0.0
0.0
0.0
0.0
0.0
0.0
0.0
0.0
0.0
0.0
0.0
0.0
0.0
0.0
0.0
0.0
0.0
0.0
0.0
0.0
0.0
0.0
0.0
0.0
0.0
0.0
0.0
0.0
0.0
0.0
0.0
0.0
0.0
0.0
0.0
0.0
0.0
0.0
0.0
0.0
0.0
0.0
0.0
0.0
0.0
0.0
0.0
0.0
0.0
0.0
0.0
0.0
0.0
0.0
0.0
0.0
0.0
0.0
0.0
0.0
0.0
0.0
0.0
0.0
0.0
0.0
0.0
0.0
0.0
0.5
0.0
0.0
0.0
0.0
0.0
0.0
0.0
0.0
0.0
0.0
0.0
0.0
0.0
0.0
0.0
0.0
0.0
0.0
0.0
0.0
0.0
0.0
0.0
0.0
0.0
0.0
0.0
0.0
0.0
0.0
0.5
3.3
2.2
0.0
4.0
0.6
5.1
2.6
2.2
0.0
0.0
5.2
0.0
0.0
0.0
0.0
0.0
0.0
0.0
0.0
0.0
0.0
0.5
0.5
0.0
0.0
3.2
0.5
0.0
0.0
6.3
3.1
23.2
0.8
0.0
0.0
0.0
0.0
0.8
1.0
0.0
1.5
0.0
0.0
0.0
0.9
16.0
0.0
0.0
2.2
0.0
0.0
0.0
0.0
0.0
0.0
0.0
0.0
0.0
0.2
1.2
6.5
9.0
1.3
4.5
0.0
6.9
0.0
1.2
3.9
0.0
0.0
0.0
1.3
0.0
0.0
1.7
0.0
10.8
8.4
4.1
0.0
0.0
0.0
0.0
0.0
0.0
0.0
0.5
0.0
1.2
0.0
0.0
0.0
0.0
1.5
0.0
0.0
0.0
0.1
0.5
0.0
5.3
0.0
0.0
0.0
0.0
0.0
3.7
16.5
22.2
7.1
16.0
4.7
8.9
0.3
4.3
17.0
13.0
11.3
0.0
0.0
0.0
0.4
1.4
2.1
18.2
8.9
20.6
7.6
17.0
43.0
9.6
5.5
0.5
3.2
3.4
9.3
46.0
20.5
13.6
23.0
10.0
10.0
7.1
5.5
3.8
13.0
0.0
2.5
0.0
0.5
1.3
21.8
3.8
13.3
4.0
3.1
2.0
1.0
0.0
0.0
0.0
0.0
0.0
6.0
6.0
1.2
0.0
0.0
0.0
0.0
0.0
0.0
1.6
0.0
0.0
6.0
6.0
0.0
0.0
0.0
0.0
0.0
0.8
0.0
0.0
0.0
17.5
4.4
1.1
0.0
2.4
3.0
24.4
11.0
2.3
6.8
8.6
11.4
0.5
2.2
1.5
0.7
1.6
26.9
1.2
1.6
5.5
0.0
3.0
12.4
0.0
0.0
0.0
0.0
0.0
0.0
1.8
4.8
0.5
0.0
0.0
0.0
0.0
0.0
0.0
0.0
0.0
0.0
0.0
0.0
0.0
0.0
0.0
0.0
0.8
0.0
0.0
0.0
0.0
0.0
0.0
0.0
0.0
0.0
0.0
0.0
0.0
0.0
0.0
0.0
0.0
0.0
0.0
0.0
0.0
0.0
0.0
0.0
0.0
0.0
0.0
0.0
0.0
0.0
2.4
0.0
0.0
0.0
0.0
0.0
0.0
0.0
0.0
0.0
0.0
0.0
0.0
0.0
0.0
0.0
0.0
0.0
0.0
0.0
0.0
0.0
0.0
3.0
0.0
0.0
0.0
0.0
0.0
0.0
0.0
0.0
0.0
0.0
0.0
0.0
0.0
0.0
0.0
0.0
0.0
0.0
0.0
0.0
0.0
0.0
0.0
0.0
0.0
0.0
0.0
0.0
0.0
0.0
0.0
0.0
0.0
0.0
0.0
0.0
0.0
0.0
0.0
0.0
0.0
0.0
0.0
0.0
0.0
0.0
0.0
0.0
0.0
7.0
0.4
0.0
0.3
0.0
0.0
0.0
0.0
0.0
0.0
0.0
0.0
1.5
0.0
0.0
0.0
0.0
0.0
0.0
0.0
0.0
0.0
0.0
0.0
0.0
0.0
0.0
0.0
0.0
0.0
0.0
0.0
0.0
0.0
0.0
0.0
0.0
0.0
0.1
0.0
0.0
0.0
0.0
0.0
9.0
16.2
1.0
1.5
0.0
0.0
0.0
0.0
0.0
0.0
0.0
0.0
0.0
0.0
0.0
0.0
0.8
0.0
0.0
0.0
0.0
0.0
0.0
0.0
6.0
0.0
2.0
0.7
0.6
0.0
0.0
1.8
0.0
12.8
4.0
2.9
0.0
0.0
0.0
3.0
8.0
0.2
25.6
13.3
3.8
0.0
5.2
2.0
0.0
0.0
0.0
0.0
0.2
0.0
0.0
7.7
0.0
0.0
1.1
0.0
11.2
10.2
9.6
0.0
0.0
0.0
8.7
0.0
0.0
0.0
3.0
0.0
0.0
0.0
0.0
0.0
0.0
0.0
0.0
0.0
0.0
16.2
4.0
1.9
0.0
11.4
2.4
1.0
0.0
0.0
0.0
0.8
19.7
3.0
8.9
0.5
4.0
4.3