8.0
8.2
0.0
0.0
2.2
0.6
2.4
1.0
15.2
9.5
1.5
0.0
3.0
3.0
0.2
0.0
0.0
0.0
0.0
15.6
9.0
5.0
0.0
3.5
14.6
20.6
2.9
9.8
5.8
8.7
8.4
0.0
15.8
16.4
9.6
2.8
4.2
0.0
6.5
3.8
8.4
16.8
10.5
13.4
8.6
19.6
7.2
13.4
20.4
29.5
2.7
24.9
3.6
3.0
0.9
14.1
9.6
10.9
1.6
0.0
6.5
23.9
3.8
6.1
0.0
1.5
25.0
30.5
37.7
4.3
1.6
0.0
2.1
0.0
16.0
22.9
3.3
4.9
4.1
45.6
0.9
11.8
15.7
7.9
9.8
4.5
0.0
1.8
9.0
8.6
14.7
18.0
2.6
2.0
0.3
0.0
0.2
1.4
0.4
3.9
0.0
0.0
1.0
0.0
0.0
2.5
4.9
0.0
3.2
2.5
0.0
0.0
0.0
0.0
0.0
0.0
0.0
1.2
0.7
2.0
26.3
0.9
0.0
0.0
0.0
0.0
0.0
0.0
0.0
0.0
0.0
1.2
0.0
0.0
0.0
0.0
0.0
0.0
0.0
0.0
0.0
0.0
0.0
0.0
0.0
0.0
0.0
0.0
0.0
0.0
0.0
0.0
0.0
0.0
0.0
0.0
0.0
0.0
0.0
0.0
0.0
0.0
0.0
0.0
0.0
0.0
0.0
0.0
0.0
0.0
0.0
0.0
0.0
0.0
0.0
0.0
0.0
2.2
0.0
0.0
0.0
0.0
0.0
0.0
0.0
0.0
1.4
0.0
0.0
0.0
0.0
0.0
0.0
0.0
0.0
0.0
0.8
0.0
0.0
0.0
0.0
0.0
0.0
0.5
0.4
0.0
0.0
0.0
0.0
0.0
0.0
0.0
0.0
0.0
0.0
0.0
0.0
0.0
0.0
0.0
0.0
0.0
0.0
0.0
0.0
0.0
0.0
0.0
0.0
0.0
0.0
0.0
0.0
0.0
0.0
0.0
0.0
0.0
0.0
0.0
1.9
0.0
0.0
0.5
0.3
1.5
0.0
0.0
0.0
0.0
0.0
0.0
0.0
0.0
0.0
0.0
0.0
5.0
0.0
4.7
13.4
29.9
0.0
0.0
0.0
0.0
0.0
0.0
0.0
0.0
0.0
2.8
0.0
0.0
12.9
38.1
11.0
20.1
3.2
1.3
0.0
0.7
0.0
6.5
2.7
0.6
3.7
0.0
5.6
3.1
0.0
0.0
0.0
0.0
18.3
1.5
0.0
0.0
0.0
0.0
0.0
0.0
0.8
0.2
0.0
0.0
0.0
0.0
0.0
0.0
0.0
3.8
9.2
1.1
0.0
0.0
1.6
1.8
0.0
1.0
0.0
0.0
0.0
0.0
0.0
0.0
0.0
0.0
0.0
0.0
0.0
0.0
0.0
0.0
0.0
0.0
0.0
0.0
0.0
0.0
0.0
5.8
0.0
8.0
5.2
0.0
0.0
0.4
0.0
0.0
0.0
0.0
0.0
9.8
0.0
4.3
23.6
2.0
17.1
0.7
0.6
1.2
10.3
0.0
5.0
13.9
1.4
0.0
0.2
23.0
9.5
1.1
20.0
4.2
7.4
0.0
3.5
0.0
15.3
6.7
17.0
0.0
17.1
15.0
0.0
6.3
5.3
5.3
1.1
7.8
18.2
14.3
17.2
7.4
15.8
21.3
5.9
2.0
4.7
3.6
4.4
7.4
4.0
0.0
9.8
10.6
2.0
0.0
6.9
9.3
0.2
21.8
4.3
15.2
15.3
12.0
4.0
30.6
23.4
11.3
18.2
2.7
2.2
1.9
2.6
0.0
2.8
1.6
0.5
1.0
10.6
20.9
16.4
19.4
3.1
9.8
4.0
0.0
0.2
0.0
0.0
0.0
2.2
0.0
4.9
22.8
4.7
7.7
0.5
0.0
0.0
1.6
0.0
2.8
0.0
0.9
2.6
6.0
0.0
4.2
0.7
0.0
1.7
0.6
0.0
0.0
0.0
0.0
0.0
0.0
0.0
0.9
0.0
0.0
0.0
0.0
0.0
0.0
0.0
0.0
0.0
0.0
0.0
0.0
0.0
0.0
0.0
0.0
0.0
7.0
0.0
3.3
0.0
0.0
0.0
0.0
0.0
0.4
0.0
0.0
0.0
0.0
0.2
0.0
0.0
0.0
0.0
0.0
0.0
0.0
0.0
0.0
0.0
0.0
0.0
0.0
0.0
0.7
0.0
0.0
0.0
0.0
3.3
2.0
4.3
4.0
0.0
0.0
0.0
0.0
0.0
0.0
0.0
0.0
0.0
0.0
0.0
0.0
0.0
0.0
0.0
0.0
0.0
0.0
0.0
0.0
0.0
0.0
0.0
0.0
0.0
0.0
0.0
0.0
0.0
0.0
0.0
0.0
0.0
0.0
0.0
0.0
0.0
0.0
0.0
0.0
0.0
0.0
0.0
0.0
0.0
0.0
0.0
0.6
0.0
0.0
0.0
0.0
0.0
0.0
0.0
0.0
0.0
0.0
0.0
0.0
0.0
0.0
0.0
0.2
5.1
0.2
4.0
0.0
0.0
0.0
0.0
6.0
0.9
0.3
0.0
0.0
0.3
0.0
0.0
0.0
0.0
0.0
0.0
0.0
0.0
0.0
0.0
0.0
0.0
0.0
0.0
0.0
0.0
0.0
0.0
0.0
0.0
0.0
0.0
0.0
0.0
0.0
0.0
0.2
1.0
0.0
0.0
0.0
0.0
0.0
0.0
0.0
0.0
0.0
0.0
0.0
0.0
0.0
0.0
0.0
4.3
0.9
16.0
2.6
1.3
3.5
3.3
5.4
0.0
0.0
2.7
4.9
11.3
0.0
5.5
0.0
0.0
0.0
0.5
0.0
0.0
0.0
0.0
0.0
0.0
0.0
0.0
0.0
0.0
0.0
0.0
0.0
0.0
0.0
0.0
0.0
0.0
0.0
0.0
0.0
0.0
0.0
0.0
0.0
0.0
0.0
0.0
0.0
0.0
0.0
0.0
0.0
1.3
0.6
0.0
0.0
0.0
0.0
9.3
0.0
1.4
9.0
15.8
0.6
0.0
0.0
0.0
0.0
0.0
4.6
0.0
24.8
0.0
4.9
0.0
3.6
0.0
0.0
5.7
2.6
12.4
7.8
5.2
4.3
7.5
15.4
2.9
1.5
10.1
6.2
8.0
8.4
8.4
0.6
17.2
14.7
12.1
2.5
18.7
21.9
17.2
6.5
0.2
22.9
22.4
15.2
12.2
7.8
15.6
1.2
19.1
6.1
7.5
9.7
1.9
9.9
9.5
7.9
1.7
4.0
2.6
6.7
0.2
0.0
0.0
2.9
2.7
1.6
5.5
22.4
16.0
7.5
8.3
27.0
38.4
11.5
1.2
1.6
4.9
12.4
0.2
25.5
9.9
19.8
16.3
4.5
35.2
0.3
2.8
5.0
15.9
2.7
0.8
20.5
11.9
14.9
0.2
17.7
32.9
35.6
5.3
1.8
0.0
6.8
0.5
0.0
1.2
3.5
2.9
0.0
0.0
0.4
0.0
0.0
0.0
0.4
1.9
1.0
0.0
4.1
4.9
7.0
10.2
3.1
12.2
0.0
1.8
2.1
0.0
1.5
0.0
0.0
0.0
0.0
0.0
0.0
0.0
0.0
0.0
0.0
4.7
0.4
2.1
0.0
0.0
0.0
0.4
0.0
0.0
3.3
0.4
0.0
0.0
0.0
0.0
0.3
0.0
2.9
0.4
0.0
0.0
0.0
0.0
0.2
0.0
0.0
0.0
0.0
0.0
0.0
0.0
0.0
0.0
0.0
0.0
0.0
0.0
1.4
0.0
0.0
0.0
0.0
0.0
0.0
0.0
0.0
0.0
0.0
0.0
0.0
0.0
0.0
0.0
0.0
0.0
0.0
0.0
0.5
0.0
0.0
0.0
0.0
0.0
0.0
0.0
0.0
0.0
0.0
0.0
0.0
9.5
2.6
0.2
0.0
0.0
0.0
0.0
0.0
0.0
0.0
0.0
0.0
0.0
0.0
0.0
0.0
0.0
0.0
0.0
0.0
0.0
0.0
0.4
0.0
0.0
0.0
0.0
0.0
0.0
0.0
0.0
0.0
0.0
0.0
0.0
0.0
0.0
0.0
0.0
0.0
0.0
0.0
10.3
2.5
0.0
12.6
5.3
0.0
0.2
0.0
0.0
0.0
0.0
0.0
0.0
0.0
0.0
0.0
0.0
0.0
4.4
0.8
0.8
0.0
0.0
0.0
0.0
0.0
0.0
0.5
0.0
0.0
0.0
0.0
0.0
0.0
0.6
3.6
0.0
0.2
0.0
2.4
0.0
0.0
0.0
3.3
2.2
0.0
0.0
0.0
0.2
0.0
23.1
12.6
0.0
0.0
0.0
0.0
1.1
0.0
0.0
2.5
0.0
0.0
0.0
0.0
0.0
0.0
0.0
0.0
0.0
0.0
0.0
0.0
0.4
0.0
0.0
17.7
10.1
2.9
0.0
0.0
0.0
0.0
0.0
4.6
0.0
0.0
0.5
0.0
0.0
0.0
0.0
0.3
0.5
0.0
0.0
0.0
0.0
0.0
0.0
0.0
0.0
0.6
0.0
2.0
1.9
0.5
0.0
0.0
0.0
0.0
2.9
0.0
0.0
0.5
0.0
4.5
0.0
0.0
0.0
1.1
0.3
24.3
1.5
27.2
6.2
1.9
0.3
0.0
3.7
2.4
0.3
1.2
0.0
0.0
36.8
1.1
0.0
0.0
0.0
0.7
0.8
0.0
14.7
0.3
0.0
0.0
0.0
8.3
0.0
5.1
0.3
14.9
1.0
11.2
19.0
9.8
6.0
2.1
5.6
10.2
1.4
1.5
0.0
0.0
1.1
1.1
0.0
19.4
11.3
14.3
20.2
2.1
1.3
6.8
6.5
3.4
7.6
4.0
3.7
14.6
1.7
12.0
19.3
2.8
3.4
3.5
4.3
9.5
23.6
3.1
1.1
19.4
15.1
1.0
7.5
1.8
3.2
17.2
18.7
7.6
2.9
6.5
7.0
0.6
7.2
3.3
0.2
18.1
19.0
4.3
0.2
0.0
6.0
10.1
2.3
5.0
29.5
0.5
4.5
6.9
0.3
1.0
0.2
20.2
0.4
0.2
29.6
9.6
1.0
0.4
0.0
0.2
0.0
0.0
0.0
0.0
0.0
0.0
4.2
11.4
1.5
0.0
0.0
0.0
4.5
67.4
3.2
6.4
6.4
8.6
2.0
0.0
4.2
8.9
3.9
0.0
0.0
0.0
0.0
0.0
0.3
3.8
0.0
0.0
0.0
0.0
0.0
0.0
0.0
0.0
0.0
0.0
0.0
0.0
0.7
3.8
0.0
0.0
0.0
0.0
0.0
0.0
0.0
0.0
0.0
0.0
0.0
0.0
0.0
0.0
0.0
0.0
0.0
0.0
0.0
0.0
0.0
0.0
0.0
0.0
0.0
0.0
0.0
0.0
0.0
0.0
0.0
0.0
0.0
0.0
0.0
0.0
0.0
0.0
0.0
6.9
0.0
2.2
7.4
0.0
0.0
2.2
0.0
0.0
0.0
0.0
0.0
0.2
10.5
0.9
0.0
2.0
0.0
0.0
3.7
0.0
0.0
0.0
0.0
0.0
0.0
0.0
0.0
0.0
0.0
8.4
14.5
0.0
0.0
0.0
0.0
0.0
0.2
0.0
0.0
2.9
0.0
0.0
0.0
0.0
0.0
0.0
0.0
3.2
1.4
0.0
0.0
0.0
0.0
0.0
0.0
0.0
0.0
0.0
2.1
0.8
0.0
0.0
0.0
0.0
0.3
0.0
0.2
0.0
0.0
0.0
0.0
0.0
0.0
0.0
0.8
0.2
0.0
0.0
0.0
0.0
2.0
0.0
0.5
0.0
0.0
0.0
0.0
0.0
0.0
0.0
0.0
0.0
0.0
0.0
0.0
1.2
0.0
0.0
0.0
0.0
0.0
0.0
3.7
10.1
0.2
0.8
0.0
4.9
0.8
2.8
5.4
0.0
0.0
0.9
0.0
2.7
0.0
0.0
0.0
1.8
1.2
1.5
0.0
1.2
0.0
0.2
0.0
0.7
0.0
0.0
0.0
0.0
0.0
0.0
0.0
0.0
0.0
0.0
0.0
0.0
0.0
1.8
7.3
0.0
3.0
1.2
0.1
1.8
11.0
2.4
3.8
0.0
2.5
0.0
0.0
1.8
30.0
1.9
1.5
10.4
4.5
0.0
1.4
0.0
0.0
0.0
16.1
0.2
0.0
0.0
0.2
0.0
0.5
0.4
1.2
11.4
15.6
4.2
0.0
0.2
0.0
1.8
0.0
0.0
1.3
2.9
1.4
13.7
5.0
0.0
0.0
0.0
18.2
0.0
3.2
0.5
21.8
9.0
25.3
5.3
0.4
11.6
13.2
0.3
7.8
8.7
0.8
14.3
22.6
15.7
1.0
11.6
7.9
1.4
0.6
0.3
6.7
2.8
0.3
7.3
9.9
3.7
0.0
7.0
1.8
31.4
3.3
0.3
1.6
0.8
0.0
0.0
0.0
0.0
3.8
0.8
5.6
11.7
7.2
0.9
5.1
19.1
4.8
3.2
0.3
12.8
32.7
14.9
14.2
15.4
17.2
1.4
12.2
3.8
0.0
8.8
0.0
0.2
2.5
0.4
0.0
10.8
7.9
2.7
25.3
17.5
9.2
7.6
1.5
15.8
0.9
29.1
0.6
14.4
2.8
15.1
19.9
3.2
3.2
0.0
2.9
0.6
0.0
0.0
0.9
0.0
0.0
0.0
0.0
0.0
0.0
0.0
0.2
0.0
0.0
0.0
0.0
0.8
25.3
1.3
0.9
0.0
0.0
0.0
0.0
0.0
0.0
0.0
0.0
0.0
0.0
0.0
0.0
0.0
0.0
0.0
0.0
1.3
0.0
2.6
0.0
0.0
7.8
5.4
5.9
0.4
0.0
0.0
0.0
0.0
0.0
0.0
0.0
0.0
0.0
0.0
0.0
0.0
0.0
0.0
0.0
0.0
0.0
0.0
0.0
0.0
0.0
0.0
0.0
0.0
0.0
0.0
0.0
0.0
0.0
0.0
0.0
0.0
0.0
0.0
0.0
0.0
0.0
0.0
0.0
0.0
0.0
0.0
0.0
0.0
0.0
0.0
0.0
0.0
0.0
0.0
0.0
0.0
0.0
0.0
0.0
0.0
0.0
0.0
0.0
0.0
0.0
0.0
0.0
0.0
0.0
0.0
0.0
0.0
5.9
0.0
0.0
0.0
0.0
0.0
1.0
2.3
0.0
0.0
0.0
0.0
0.0
2.8
0.0
0.0
0.0
0.0
0.0
0.0
0.0
0.0
0.0
0.0
0.0
0.0
0.0
0.0
0.0
0.0
0.0
6.5
0.0
0.0
0.0
0.0
0.0
0.0
0.0
0.0
3.2
0.0
0.0
0.0
0.0
0.0
4.2
0.0
3.9
0.2
0.0
0.0
0.0
0.0
0.0
0.0
7.0
11.4
11.6
1.1
0.0
0.0
0.0
0.0
0.0
0.0
2.6
4.1
4.0
0.0
0.0
0.0
0.0
0.0
0.0
0.0
0.0
3.7
0.0
0.0
0.0
0.0
0.0
0.0
0.0
0.0
0.0
0.0
0.0
0.0
0.0
0.0
0.4
9.8
0.0
0.0
0.0
0.2
0.0
0.0
0.0
0.0
0.0
0.0
0.0
7.0
3.6
0.3
0.0
0.0
0.0
0.0
0.0
0.0
0.0
0.0
0.0
0.0
0.0
0.0
0.0
0.0
11.3
0.0
0.0
0.0
3.2
0.0
0.0
0.0
0.0
0.0
0.0
0.0
0.0
0.4
0.0
0.0
3.7
0.9
0.0
0.2
6.5
5.8
17.6
0.4
1.2
0.0
0.6
7.3
23.6
9.5
0.9
0.0
0.0
6.0
4.8
0.2
11.2
2.3
0.2
9.4
8.6
36.7
12.2
1.4
10.1
7.7
13.5
3.6
4.1
7.5
19.8
37.5
2.4
0.0
5.3
0.9
11.4
30.3
24.6
28.3
2.8
0.4
0.7
18.9
1.5
8.5
0.2
0.7
0.0
3.3
12.4
15.1
5.4
5.8
3.0
9.6
13.8
27.7
3.5
2.1
0.0
0.0
0.0
4.7
2.7
2.4
2.1
1.5
0.0
0.0
0.0
0.0
0.0
0.0
0.0
0.0
0.0
0.0
0.0
0.0
0.0
0.4
8.2
15.7
0.7
0.0
0.0
6.3
0.0
0.0
0.0
0.0
0.0
4.5
0.5
3.2
4.6
0.5
6.8
1.9
1.3
0.0
0.0
0.0
5.5
8.3
0.0
16.9
0.0
0.0
3.3
4.7
0.0
0.0
0.0
12.0
0.7
0.2
0.0
0.0
0.0
7.8
1.0
7.2
0.0
0.0
0.7
0.0
0.0
0.0
0.0
0.0
0.0
0.0
0.0
0.4
0.0
0.0
0.0
8.0
2.0
0.0
0.0
0.0
1.6
0.0
0.0
0.0
0.0
0.0
0.0
0.0
0.0
0.0
0.0
0.0
0.0
0.0
0.0
0.0
0.0
0.0
0.0
0.0
0.0
0.0
0.0
0.0
0.0
0.0
0.0
0.0
0.0
0.0
0.2
0.0
0.0
0.0
0.0
1.6
0.0
0.0
0.0
0.0
0.0
0.0
0.0
0.0
0.0
0.0
0.0
0.0
0.0
0.0
0.0
0.0
0.0
0.2
3.5
10.8
6.5
1.4
10.9
0.2
0.0
0.0
0.0
0.0
0.0
0.0
0.0
0.0
0.0
0.0
0.5
0.0
0.0
0.0
0.0
0.0
0.0
0.0
0.0
0.2
0.0
0.0
0.0
0.0
0.0
0.0
0.0
0.0
0.0
0.0
0.0
0.8
0.0
0.0
0.2
0.6
0.0
0.0
0.0
0.0
0.0
2.9
1.2
0.0
2.4
9.2
1.4
24.4
6.4
0.0
0.0
0.0
0.0
0.4
0.0
0.0
0.0
0.0
0.0
0.0
0.0
0.0
0.0
17.3
1.3
0.0
0.0
0.0
0.0
0.0
0.0
0.0
0.0
0.0
0.0
0.0
0.0
0.0
5.4
0.0
0.0
0.0
0.0
0.0
1.3
0.0
6.5
0.0
0.0
0.7
0.0
0.0
0.0
1.6
0.0
0.0
0.0
0.0
0.0
0.0
0.0
0.9
0.0
0.0
1.2
0.0
0.0
0.0
0.0
0.0
0.0
0.0
0.2
0.0
0.0
0.0
0.0
2.2
0.0
0.0
0.0
0.0
3.5
6.9
0.3
0.0
0.0
0.0
0.0
0.0
0.0
0.5
1.2
0.4
0.0
0.0
0.0
0.0
0.0
1.6
0.0
6.8
0.0
0.0
1.3
0.0
1.0
15.5
0.2
0.3
4.5
0.0
0.0
0.0
0.0
0.0
1.1
1.7
35.5
11.3
12.0
0.2
0.7
0.2
1.4
2.7
2.8
0.0
0.0
0.4
0.0
0.2
0.0
3.2
0.7
4.0
27.2
0.5
0.0
1.7
2.2
0.0
0.0
0.0
9.9
0.0
4.9
21.1
21.3
3.0
2.8
1.2
0.3
0.1
8.8
9.7
20.3
2.2
1.1
0.0
0.0
0.0
0.0
0.2
0.0
21.5
0.0
0.6
6.2
7.2
13.2
0.0
0.0
2.7
0.8
8.2
15.1
16.3
6.2
16.9
6.1
1.0
2.4
0.9
4.6
12.5
22.5
5.7
14.7
7.0
4.4
6.7
0.0
1.3
0.0
0.0
12.8
0.5
1.5
0.4
0.0
0.0
0.0
0.0
0.0
0.2
9.3
3.6
0.4
12.5
4.7
0.0
0.0
0.0
0.0
0.0
0.0
1.7
17.3
2.4
1.1
0.0
0.3
3.4
1.9
2.6
7.8
7.1
0.0
0.0
4.5
0.0
14.3
1.7
0.0
2.3
0.3
0.0
0.0
5.7
0.0
0.0
0.0
0.0
0.0
0.0
0.0
0.0
0.0
0.0
0.0
0.7
0.0
0.0
0.0
0.0
0.0
0.0
0.0
0.0
0.0
0.0
0.0
0.0
0.0
0.0
0.0
0.0
0.0
0.0
0.0
0.0
0.0
1.5
0.0
0.0
0.0
0.0
0.0
0.0
0.0
0.0
0.0
0.0
0.0
0.0
0.0
0.0
0.0
0.0
0.0
0.0
0.0
0.0
0.0
0.0
0.0
0.0
0.0
0.0
0.0
0.0
0.0
0.0
0.0
0.0
0.0
0.0
0.0
0.0
0.0
0.0
0.0
0.0
0.0
0.0
0.0
0.0
0.0
0.0
0.0
0.0
0.0
0.0
0.0
0.0
0.0
0.0
0.0
0.0
0.0
0.0
0.0
0.0
0.0
0.0
0.0
0.0
0.0
0.0
0.0
0.0
0.0
0.0
0.0
0.0
0.0
0.0
0.0
0.0
0.0
0.0
0.0
0.0
0.0
0.0
1.0
0.0
0.0
0.0
0.0
0.0
0.0
0.0
0.0
0.0
0.0
0.0
0.0
0.0
0.0
0.0
0.0
0.0
0.0
0.0
0.0
0.0
0.0
0.0
0.0
0.0
0.0
0.0
0.0
0.0
0.0
0.0
0.3
0.0
0.2
3.8
3.6
9.1
1.6
2.9
0.2
0.0
2.8
0.0
0.0
0.0
0.0
0.0
0.0
0.0
0.0
0.0
0.0
0.0
0.2
0.0
0.0
2.8
0.0
0.5
0.0
15.4
7.0
22.3
4.8
0.0
0.0
0.0
0.0
0.4
0.5
0.2
0.0
0.0
0.0
0.0
0.2
7.1
0.0
0.0
0.0
0.0
0.0
0.0
0.0
0.0
0.0
0.0
0.0
0.0
0.4
0.0
20.6
7.1
1.5
0.6
0.0
0.0
0.0
0.0
2.7
0.0
0.0
2.5
1.8
0.0
9.0
0.4
0.0
2.6
1.7
0.9
0.0
0.0
2.2
0.0
0.0
5.7
0.0
2.3
0.0
0.0
0.0
0.0
3.8
6.7
1.2
0.0
0.0
0.0
30.4
4.4
0.7
1.8
0.0
0.0
0.0
0.0
0.0
7.9
18.4
33.4
12.2
13.1
12.7
9.2
0.3
2.5
9.3
12.1
2.6
0.0
0.0
0.0
0.7
1.1
1.0
21.9
11.7
25.9
14.5
10.9
20.0
2.5
9.0
0.6
4.3
8.9
20.2
27.7
27.8
10.7
37.1
21.7
21.6
14.9
3.6
2.4
5.4
0.0
1.3
0.2
0.0
0.4
25.8
7.6
13.1
13.0
0.8
2.2
0.8
0.0
0.0
0.0
6.4
0.7
6.8
100.8
10.9
0.0
0.0
0.0
0.0
0.0
0.0
0.6
15.2
0.0
0.8
12.1
0.4
0.0
0.7
0.4
0.0
1.5
0.0
2.2
0.0
0.6
7.6
10.9
7.9
7.7
7.0
29.4
7.2
6.6
8.0
4.6
10.3
2.9
9.2
0.0
1.9
12.2
6.8
2.6
8.1
4.6
0.0
10.0
0.3
0.0
0.0
0.3
0.0
0.0
0.0
5.0
11.4
1.5
0.1
0.0
0.0
0.2
0.0
0.0
0.0
0.0
0.0
0.0
0.0
0.0
0.0
0.0
0.5
3.7
0.0
0.0
0.0
0.0
0.0
0.0
0.0
0.0
0.0
0.0
0.0
0.0
0.0
0.0
0.0
0.0
0.0
0.0
0.0
0.0
0.0
0.0
0.0
0.0
0.0
0.0
0.0
0.0
0.0
34.0
3.1
0.0
0.0
0.0
0.0
0.0
0.0
0.0
0.0
0.0
0.0
0.0
0.0
0.0
0.0
0.0
0.0
0.0
0.0
0.0
0.0
0.0
0.2
0.0
0.0
0.0
0.0
0.0
0.0
0.0
0.0
0.0
0.0
0.0
0.0
0.0
0.0
0.0
0.0
0.0
0.0
0.0
0.0
0.0
0.0
0.0
0.0
0.0
0.0
0.0
0.0
0.0
0.0
0.0
0.0
0.0
0.0
0.0
0.0
0.0
0.0
0.0
0.0
0.0
0.0
0.0
0.0
0.0
0.0
0.0
0.0
0.0
0.4
0.2
0.0
0.6
0.0
0.0
0.0
0.0
0.0
0.0
0.0
0.0
0.0
0.0
0.0
0.0
1.1
0.0
0.0
0.0
0.0
0.0
0.0
0.0
0.0
0.0
0.0
0.0
0.0
0.0
0.0
0.0
0.0
0.0
0.0
0.0
0.0
0.0
0.2
0.0
0.0
0.0
0.0
0.6
3.2
5.3
0.4
4.2
0.0
0.0
0.0
0.0
0.3
0.0
0.0
0.0
0.0
0.0
0.0
0.0
0.0
0.0
0.0
0.0
0.0
0.0
0.0
0.0
12.0
12.1
1.3
0.2
0.0
0.0
8.1
4.8
0.0
0.2
4.5
0.0
0.0
0.0
0.0
6.8
9.4
1.1
18.9
8.4
0.2
2.3
12.1
5.7
0.0
0.0
0.0
0.0
2.1
0.0
1.4
4.2
0.0
0.0
4.3
9.0
2.8
4.3
0.0
0.0
0.0
3.5
17.1
0.0
0.0
2.9
1.8
0.0
0.0
0.0
0.0
0.0
14.1
0.0
0.0
1.2
0.5
12.1
2.7
1.4
5.2
9.1
0.7
3.8
0.4
1.3
0.0
3.5
13.3
7.7
3.2
0.6
3.4
5.0