18.80
9.20
0.00
0.00
0.00
0.00
0.00
0.00
3.10
3.50
10.50
2.70
5.00
0.00
0.00
0.00
0.00
0.00
1.50
1.30
7.00
15.50
0.20
2.50
10.60
6.00
11.50
14.30
25.20
1.20
30.50
1.90
1.70
5.10
12.00
5.60
1.00
0.00
1.50
1.70
10.30
4.40
14.60
6.40
5.90
42.00
21.60
13.60
14.20
5.70
0.00
0.50
6.20
0.80
4.50
1.50
19.90
0.70
0.20
1.10
1.20
14.10
3.00
12.20
4.70
9.20
21.90
17.50
16.90
11.90
3.10
0.00
1.80
0.00
18.60
7.70
0.00
6.20
3.60
16.40
4.80
2.00
1.70
0.00
20.60
1.30
0.60
0.00
0.00
0.90
15.90
7.50
2.90
19.20
4.30
2.50
0.00
0.50
14.00
0.30
5.20
0.00
2.30
0.00
0.00
0.00
0.80
0.50
0.00
9.20
0.00
0.40
0.00
0.00
2.90
2.20
4.80
0.00
0.00
0.50
1.10
11.60
0.00
0.00
0.00
0.00
0.00
0.00
0.00
0.00
0.00
0.00
0.00
0.00
0.00
0.00
0.00
0.00
0.00
0.00
0.00
0.00
0.00
0.00
0.00
0.00
0.00
0.00
0.00
0.00
0.00
0.00
0.00
0.00
0.00
0.00
0.00
0.00
0.00
0.00
0.00
0.00
0.00
0.00
0.00
0.00
0.00
0.00
0.00
0.00
0.00
0.00
0.00
0.00
0.00
0.00
0.00
0.00
0.00
0.00
0.00
0.00
0.00
0.00
0.00
0.00
0.00
0.00
0.00
0.00
0.00
0.00
0.00
0.00
0.00
0.00
0.00
0.00
0.00
0.00
0.00
0.00
0.00
0.00
0.00
0.00
0.00
0.00
0.00
0.00
0.00
0.00
4.20
0.00
0.00
0.00
0.00
0.00
0.00
0.00
0.00
0.00
0.00
0.00
0.00
0.00
0.00
0.00
0.00
0.00
0.00
0.00
0.00
0.00
0.00
0.00
0.00
0.00
0.00
0.00
0.00
0.00
0.00
0.00
0.00
0.90
0.00
0.00
0.00
0.00
0.00
0.00
0.00
0.00
0.00
0.00
0.00
0.00
0.00
0.00
3.10
0.00
0.00
0.00
0.00
0.00
0.00
0.00
0.00
0.00
0.00
0.00
0.00
6.80
7.20
10.50
7.40
0.60
0.00
0.00
0.00
0.00
0.00
5.80
0.50
6.80
0.00
0.00
0.00
0.00
0.00
0.00
0.00
0.00
4.20
0.00
0.00
0.00
0.00
0.00
0.00
0.00
7.30
0.00
0.00
0.00
0.00
0.00
0.00
0.00
0.00
0.00
0.30
3.90
0.00
0.00
0.00
0.00
0.00
0.00
0.00
0.00
0.00
0.00
0.00
0.00
0.00
0.00
0.00
0.00
0.00
0.00
0.00
0.00
0.00
0.00
0.70
0.00
0.30
0.00
0.00
0.00
0.00
0.00
0.00
0.00
10.60
0.00
0.00
0.00
0.00
0.00
0.00
0.00
0.80
0.30
6.70
6.80
2.30
3.90
6.90
13.10
22.50
0.00
0.00
2.50
0.00
4.40
1.80
3.60
0.00
0.00
4.00
3.00
10.00
6.00
0.70
0.80
0.80
13.90
8.50
2.80
2.90
1.70
0.00
1.50
5.40
0.20
1.40
1.80
6.40
11.10
17.40
17.40
4.30
9.50
0.00
9.10
0.00
5.60
0.00
21.70
9.90
1.40
23.30
5.60
13.90
4.10
0.00
0.80
9.40
10.40
0.70
7.00
5.20
7.20
4.90
14.40
4.80
5.00
7.80
0.40
12.70
22.50
0.50
2.10
0.00
0.00
0.00
0.30
4.90
1.30
11.80
9.10
2.40
8.50
1.40
0.00
0.00
0.00
0.00
0.00
12.20
1.80
0.20
0.30
17.20
1.70
0.00
0.00
0.00
0.00
0.00
1.80
0.00
0.00
0.00
0.00
0.00
0.00
0.00
0.00
0.60
0.00
0.30
0.00
0.00
0.00
0.00
0.00
0.00
0.00
0.00
0.00
0.00
0.00
0.00
2.90
2.20
0.00
0.00
0.00
0.00
0.00
0.00
0.00
0.00
0.00
0.00
0.00
0.00
0.00
0.00
0.00
0.00
0.00
0.00
0.00
0.00
7.50
0.00
0.00
0.00
0.00
0.00
0.00
0.00
0.00
0.00
0.00
0.00
0.00
0.00
0.00
0.00
0.00
0.00
0.00
0.00
0.00
0.00
0.00
0.00
0.00
0.00
0.00
0.00
0.00
0.00
0.00
0.00
0.00
0.00
0.00
0.00
0.00
0.00
0.00
0.00
0.00
0.00
0.00
0.00
0.00
0.00
0.00
0.00
0.00
0.00
0.00
0.00
0.00
0.00
0.00
0.00
0.00
0.00
0.00
0.00
0.00
0.00
0.00
0.00
0.00
0.00
0.00
0.00
0.00
0.00
0.00
0.00
0.00
0.00
0.00
0.00
0.00
0.00
0.00
0.00
0.00
0.00
0.00
0.00
0.00
0.00
0.00
0.00
0.00
0.00
0.00
0.00
0.00
0.00
0.00
0.00
0.00
0.00
1.20
0.00
0.00
0.00
0.00
0.00
0.00
0.00
0.00
0.00
0.00
0.00
0.00
0.00
0.00
0.00
0.00
0.00
0.00
0.00
0.00
0.00
0.00
0.00
0.00
0.00
0.00
0.00
0.00
0.00
0.00
0.00
0.00
0.00
0.00
0.00
0.00
0.00
0.00
0.00
0.00
0.00
0.00
0.00
0.00
0.00
0.00
0.00
10.90
3.00
7.20
6.20
15.80
0.00
24.10
21.50
8.40
0.00
0.00
0.00
0.00
1.50
13.20
0.00
0.00
0.00
0.00
0.00
0.00
0.00
0.00
0.00
0.00
0.00
0.00
0.00
0.00
0.00
0.00
0.00
0.00
0.00
0.00
0.00
0.00
0.00
0.00
0.00
0.00
0.00
0.00
0.00
0.00
0.00
0.00
0.00
10.20
0.00
0.00
0.00
0.60
8.90
3.20
0.00
0.00
0.00
1.40
1.60
0.00
3.50
0.00
17.70
3.20
0.00
0.00
0.00
0.00
0.00
6.30
0.40
0.00
0.00
0.00
10.50
0.40
0.70
2.40
12.20
1.70
6.70
18.60
22.50
10.70
9.60
9.70
18.70
1.60
9.90
4.30
32.00
2.40
1.90
0.00
24.60
11.30
5.80
7.30
15.80
5.50
2.90
0.40
18.10
9.60
0.00
8.90
5.90
6.90
18.60
3.50
11.20
6.20
13.40
7.10
11.40
14.90
5.00
0.90
11.90
0.70
1.10
0.00
3.00
0.00
1.30
0.00
3.10
10.60
3.10
16.10
2.50
13.20
4.70
2.80
34.20
4.50
2.60
4.40
4.60
8.40
18.00
2.50
8.30
3.60
6.80
6.10
0.80
5.70
2.10
12.80
3.90
2.20
11.90
1.10
13.40
5.90
4.40
2.10
4.50
5.70
0.50
1.90
0.90
9.60
0.20
0.00
0.00
3.60
2.40
5.90
0.00
0.00
0.00
0.00
0.00
0.00
0.80
0.00
8.90
21.20
10.00
9.30
0.00
2.60
8.90
4.00
0.00
0.80
0.00
0.00
0.00
0.00
0.00
0.80
0.00
0.00
0.00
0.00
0.00
0.00
0.00
0.00
0.00
0.00
0.00
0.00
0.70
0.00
0.00
0.00
0.00
0.00
0.00
0.00
0.00
0.00
0.00
0.00
2.80
0.00
0.00
0.00
0.00
0.00
1.30
0.00
0.00
0.00
0.00
0.00
0.00
0.00
0.00
0.00
0.00
0.00
0.00
0.00
0.00
0.00
0.00
0.00
0.00
0.00
0.00
0.00
0.00
0.00
0.00
0.00
0.00
0.00
0.00
0.00
0.00
0.00
0.00
1.50
0.00
0.00
0.00
0.00
0.00
0.00
0.00
0.00
0.00
0.00
0.00
0.00
1.90
2.10
0.00
0.00
0.00
0.00
0.00
0.00
0.00
0.00
0.00
0.00
0.00
0.00
0.00
0.00
0.00
0.00
0.00
0.00
0.00
0.00
0.00
0.00
0.00
0.00
0.00
0.00
0.00
0.00
0.00
0.00
0.00
0.00
0.00
0.00
0.00
0.00
0.00
0.00
0.00
0.00
1.20
0.00
0.00
12.70
0.00
0.00
0.00
0.00
0.00
0.00
0.00
0.00
0.00
0.00
0.00
0.00
0.00
0.00
0.00
1.00
0.00
0.00
0.00
0.00
0.00
0.00
0.00
1.40
0.00
0.00
0.00
0.00
0.00
0.00
0.00
0.00
0.00
0.00
0.00
0.00
0.00
0.00
0.00
0.00
0.00
0.00
0.00
3.90
0.00
0.00
0.00
1.30
0.00
0.00
0.00
0.00
0.00
0.00
0.00
0.00
0.00
0.00
0.00
0.00
0.00
0.00
0.00
0.00
1.90
0.00
0.00
0.00
0.00
0.00
0.00
0.00
10.20
3.80
0.00
0.00
0.00
0.00
0.00
0.00
0.00
0.00
0.00
0.00
0.00
0.00
0.00
0.00
0.00
0.00
0.00
0.00
0.00
0.00
0.00
0.00
0.00
0.00
0.00
0.00
1.50
4.20
0.00
0.00
0.00
0.00
0.00
0.00
4.70
1.40
2.40
0.00
0.00
0.00
0.00
0.70
0.00
22.00
52.40
0.60
0.30
3.50
1.20
0.00
0.00
2.00
0.50
0.00
0.00
1.20
7.20
0.00
0.00
0.40
0.00
1.00
6.80
0.00
1.40
0.00
0.00
0.00
0.00
2.10
0.00
2.30
0.00
0.00
9.80
0.00
9.80
19.60
0.00
0.00
2.70
7.10
14.90
4.10
0.00
0.90
0.00
2.40
1.00
6.40
0.00
1.20
1.10
1.80
3.90
6.10
3.70
1.10
18.50
14.00
30.90
3.10
3.80
3.10
19.00
9.40
0.50
0.00
9.10
0.20
7.20
0.00
0.00
10.30
0.40
2.00
0.20
6.50
6.70
9.10
2.00
5.40
0.80
0.20
0.20
2.20
21.80
1.20
0.20
3.50
19.60
7.10
8.00
6.10
12.60
6.60
0.00
0.00
2.70
7.10
0.80
1.00
1.80
0.00
0.00
0.00
0.00
0.00
0.00
14.70
0.00
0.00
2.40
0.00
0.00
1.40
1.40
0.00
2.60
0.00
6.00
0.00
1.50
0.00
15.60
19.50
0.00
10.00
0.00
3.90
9.70
13.70
0.00
0.00
0.00
0.00
0.00
0.00
0.00
0.00
0.00
0.00
0.00
4.90
2.90
0.00
0.00
0.00
0.00
2.80
0.00
4.50
0.00
0.00
0.00
0.00
0.00
0.00
0.00
0.00
0.00
0.00
0.00
0.00
0.00
0.00
0.00
0.00
0.00
0.00
0.00
0.00
0.00
0.00
0.00
0.00
0.00
0.00
0.00
0.00
0.00
0.00
0.00
0.00
0.00
0.00
0.00
0.00
0.00
0.00
0.00
0.00
0.00
0.00
0.00
0.00
0.00
0.00
0.00
0.00
0.00
0.00
0.00
0.00
0.00
0.00
0.00
0.00
0.00
3.70
20.60
0.00
0.00
0.00
0.00
0.00
0.00
0.00
0.00
0.00
0.00
0.00
0.00
0.00
0.00
0.00
0.00
0.00
0.00
0.00
0.00
0.00
0.00
0.00
0.00
0.00
0.00
0.00
0.00
0.00
0.00
0.00
0.00
5.60
0.00
0.00
0.00
0.00
0.00
0.00
0.00
0.00
0.00
0.00
0.00
0.00
0.00
0.00
0.00
0.00
0.00
0.00
0.00
0.00
0.00
0.00
0.00
0.00
0.00
0.00
0.00
0.00
1.40
0.00
0.00
0.00
0.00
0.00
0.00
0.90
0.00
0.00
0.00
0.00
0.00
0.00
0.00
0.00
0.00
0.00
0.00
0.00
0.00
0.60
0.00
0.00
1.40
1.70
0.00
0.00
5.10
5.20
1.20
0.70
0.90
1.90
0.00
1.50
0.00
0.00
0.00
0.00
0.00
0.00
9.20
0.00
0.00
0.00
0.00
0.00
0.00
0.00
0.00
0.00
0.00
0.00
0.00
0.00
0.00
0.00
0.00
0.00
0.00
0.00
0.00
0.00
0.00
0.00
15.70
5.00
4.80
0.00
8.00
5.10
7.50
8.60
9.30
16.30
11.10
5.50
0.00
0.00
0.00
1.70
20.90
19.70
0.70
10.70
0.30
0.00
0.00
0.00
0.00
0.00
0.00
0.00
4.50
0.00
0.00
0.00
21.40
3.30
5.40
0.00
0.00
0.50
0.00
0.00
0.00
16.60
0.00
0.00
14.80
0.20
0.00
10.80
1.90
0.00
0.00
0.00
8.30
0.00
0.00
0.00
17.40
14.10
13.70
2.60
0.00
2.80
3.00
16.90
18.10
13.60
0.90
0.00
0.80
1.40
2.40
3.60
0.90
1.10
0.00
10.50
3.90
5.00
0.00
7.70
0.30
10.60
7.00
4.40
4.00
0.00
3.30
11.80
3.40
6.50
0.00
0.30
0.80
0.00
1.10
6.30
12.50
16.20
11.80
18.40
5.70
3.80
7.50
1.50
6.10
0.00
12.50
5.20
7.40
6.30
29.60
6.00
0.50
40.90
0.00
1.00
0.00
0.00
27.20
0.00
0.00
4.20
19.00
3.90
11.70
7.70
6.90
0.00
14.30
2.00
0.00
0.70
0.00
4.30
0.00
8.20
1.30
0.00
2.30
1.30
1.50
0.00
2.40
0.20
0.00
0.00
0.00
0.00
2.90
0.00
0.00
8.90
0.00
0.00
0.00
0.00
0.00
0.00
2.40
5.30
0.00
0.00
0.00
0.00
0.00
0.00
0.00
0.00
0.00
0.00
0.00
0.00
0.00
0.00
0.00
0.00
0.00
0.90
2.50
0.00
0.00
0.00
0.00
0.00
6.30
0.00
0.00
0.00
0.00
0.00
0.00
0.00
0.00
0.00
0.00
0.00
0.00
0.00
0.00
0.00
0.00
0.00
0.00
0.00
0.00
0.00
0.00
0.00
0.00
0.00
0.00
0.00
0.00
0.00
0.00
0.00
6.30
0.00
0.00
0.00
0.00
0.00
0.00
0.00
0.00
0.00
0.00
0.00
0.00
0.00
0.00
0.00
0.00
0.00
0.00
0.00
0.00
0.00
0.00
0.00
0.00
0.00
0.00
0.00
0.00
0.00
0.00
0.00
0.00
0.00
0.00
0.00
0.00
0.00
0.00
0.00
0.00
0.00
0.00
0.00
0.00
0.00
0.00
0.00
0.00
0.00
0.00
0.00
0.00
0.00
0.00
0.00
0.00
0.00
0.00
0.00
0.00
0.00
0.00
0.00
0.00
0.00
0.00
0.00
0.00
0.00
0.00
0.00
0.00
0.00
0.00
0.00
0.00
0.00
0.00
0.00
0.00
0.00
0.00
1.40
1.30
0.00
0.00
0.00
0.00
0.00
0.00
0.00
0.00
0.00
0.00
0.00
0.00
0.00
0.00
0.00
0.00
0.00
0.00
0.00
0.00
0.00
0.00
0.00
0.00
0.00
0.00
0.00
0.00
0.00
0.00
0.00
0.00
0.00
0.00
0.00
0.00
0.00
0.00
0.00
0.00
0.00
0.00
0.00
0.00
0.00
0.00
2.40
0.00
0.00
0.00
0.00
0.00
0.00
0.00
0.00
0.00
0.00
0.00
2.00
0.00
0.00
0.00
0.00
0.00
0.00
0.00
0.00
0.00
0.00
0.00
0.00
0.00
0.00
0.00
0.00
0.00
0.00
0.00
0.00
0.00
0.00
0.00
0.00
0.00
0.00
0.00
0.00
0.00
0.00
0.00
0.00
10.80
0.00
0.00
0.00
0.00
0.00
0.00
17.20
0.00
3.70
8.70
18.90
7.70
9.40
6.80
0.00
0.00
5.90
6.90
6.30
6.40
12.20
2.10
1.40
4.90
5.70
11.60
11.10
11.10
8.60
15.50
9.50
1.10
1.40
7.00
7.40
7.70
0.30
1.40
3.30
3.70
14.20
8.10
1.70
4.20
3.00
3.20
0.00
0.00
2.90
0.40
1.90
0.00
9.10
12.00
4.30
3.90
13.60
4.70
11.00
24.50
25.30
2.50
0.00
0.90
2.40
9.40
0.00
5.90
21.80
1.80
0.00
0.00
0.00
0.00
0.00
0.00
0.00
0.00
0.00
0.00
0.00
0.00
0.00
0.00
0.00
0.00
0.00
10.10
0.00
10.00
0.80
1.80
1.00
5.30
1.70
0.00
0.00
0.00
0.00
6.50
15.70
10.60
8.00
0.00
0.00
0.00
0.20
4.50
9.60
0.40
16.60
0.30
9.50
4.60
0.00
0.00
8.60
0.00
0.00
0.00
0.00
0.00
0.00
0.00
4.70
0.00
14.60
0.00
1.90
0.00
0.00
0.00
0.00
0.00
0.00
0.00
0.00
0.00
0.00
0.00
0.00
0.00
0.00
0.00
0.00
0.00
0.00
0.00
0.00
0.00
0.00
0.00
0.00
0.00
0.00
0.00
0.00
0.00
0.00
0.00
0.00
0.00
0.00
0.00
0.00
0.00
0.00
0.00
0.00
0.00
0.00
0.00
0.00
0.00
0.00
0.00
0.00
0.00
0.00
0.00
0.00
0.00
0.00
0.00
0.00
0.00
0.00
0.00
0.00
0.00
0.00
0.00
0.00
0.00
0.00
0.00
0.00
0.00
0.00
0.00
0.00
2.90
5.30
4.00
0.00
0.00
0.00
0.00
0.00
0.00
0.00
0.00
0.00
0.00
0.00
0.00
0.00
0.00
0.00
0.00
0.00
0.00
0.00
0.00
0.00
0.00
0.00
0.00
0.00
0.00
0.00
0.00
0.00
0.00
0.00
0.00
0.00
0.00
0.00
0.00
0.00
0.00
1.20
0.00
0.00
0.00
0.00
0.00
0.00
0.00
0.00
0.00
0.00
0.00
4.90
0.80
0.00
0.00
0.00
0.00
2.30
0.80
2.90
0.00
0.00
0.00
0.00
0.00
0.00
0.00
0.00
0.00
0.00
0.00
0.00
0.00
0.00
0.00
0.00
0.00
0.00
0.00
0.00
0.00
0.00
0.00
0.00
0.00
0.00
0.00
0.00
0.00
0.00
0.00
0.00
0.00
4.30
0.00
0.00
0.00
0.00
0.00
0.00
0.00
0.00
0.00
0.00
0.00
0.00
0.00
0.00
0.00
0.00
0.00
0.00
0.00
0.00
0.00
0.00
0.00
0.00
0.00
0.00
5.70
2.30
0.00
16.50
0.00
2.40
3.60
1.80
2.40
0.00
0.00
0.00
0.00
0.00
0.00
0.00
0.00
0.00
0.00
0.00
0.00
0.00
0.00
0.00
0.00
0.00
0.00
0.00
0.00
0.00
0.00
0.90
0.00
0.00
0.00
0.00
0.00
0.00
0.00
1.40
3.90
0.00
1.60
2.00
2.60
1.80
2.60
1.80
5.70
0.00
0.00
0.00
0.00
0.00
0.00
0.00
5.90
0.00
4.70
7.80
23.30
3.90
14.10
26.20
9.30
0.00
0.00
4.40
2.40
1.40
8.50
33.60
18.00
14.00
21.10
10.80
0.00
0.00
0.00
9.60
22.40
22.00
0.00
0.00
0.00
0.00
0.00
0.00
0.00
0.00
0.00
4.40
8.60
2.60
5.40
4.40
4.30
9.20
16.40
13.10
3.90
4.20
3.70
2.90
4.60
1.90
7.90
26.60
8.40
2.90
21.70
7.00
20.80
5.60
16.60
14.60
3.70
2.60
0.00
0.00
0.00
0.00
0.00
0.00
0.00
0.00
0.00
3.60
3.30
1.40
1.20
0.00
0.00
8.50
0.00
0.00
0.00
0.00
0.00
0.00
0.00
4.20
1.30
0.00
0.00
0.00
0.00
1.30
4.30
2.30
17.80
4.70
0.00
1.90
0.00
0.00
0.00
0.00
0.00
0.00
0.00
0.00
0.00
0.00
0.00
0.00
0.00
0.00
0.00
0.00
0.00
0.00
0.00
0.00
0.00
0.00
0.00
0.00
0.00
0.00
0.00
0.00
0.00
0.00
0.00
0.00
0.00
0.00
0.00
0.00
0.00
0.00
0.00
0.00
0.00
0.00
0.00
0.00
0.00
0.00
0.00
0.00
0.00
0.00
0.00
0.00
0.00
0.00
0.00
0.00
0.00
0.00
0.00
0.00
0.00
0.00
0.00
0.00
0.00
0.00
0.00
0.00
0.00
0.00
0.00
0.00
0.00
0.00
0.00
0.00
0.00
0.00
0.00
0.00
0.00
0.00
0.00
0.00
0.00
0.00
0.00
0.00
0.00
0.00
0.00
0.00
0.00
0.00
0.00
0.00
0.00
0.00
0.00
0.00
0.00
0.00
0.00
0.00
0.00
0.00
0.00
0.00
0.00
0.00
0.00
0.00
0.00
0.00
0.00
0.00
0.00
0.00
0.00
0.00
0.00
0.00
0.00
0.00
0.00
0.00
0.00
0.00
0.00
0.00
0.00
0.00
0.00
0.00
0.00
0.00
0.00
0.00
0.00
0.00
0.00
0.00
0.00
0.00
0.00
0.00
0.00
0.00
0.00
0.00
0.00
0.00
0.00
0.00
0.00
0.00
0.00
0.00
0.00
1.90
0.00
0.00
0.00
3.40
8.20
0.00
0.00
0.00
0.00
0.00
0.00
0.00
0.00
0.00
0.00
0.00
0.00
0.00
0.00
0.00
0.00
0.00
0.00
0.00
0.00
0.00
0.00
0.00
0.00
1.80
0.00
0.00
0.00
0.00
0.00
0.00
0.00
0.00
0.00
0.00
0.00
0.00
0.00
0.00
0.00
0.00
0.00
0.00
0.00
0.00
0.00
0.00
0.00
0.00
0.00
0.00
0.00
11.20
20.00
4.00
50.00
0.00
0.00
0.00
0.00
2.30
0.00
0.00
0.00
0.00
0.00
1.80
0.00
0.00
0.00
0.00
0.00
0.00
0.00
0.00
0.00
0.00
0.00
0.00
2.40
0.00
0.00
0.00
0.00
0.00
0.00
0.00
10.30
0.00
0.00
0.00
0.00
2.40
0.00
3.80
0.00
8.90
0.00
0.00
0.00
15.20
31.50
5.90
16.70
0.80
4.50
4.30
5.80
6.90
3.80
32.70
6.30
4.90
3.20
0.00
0.00
4.80
0.00
12.10
9.50
12.10
14.50
12.00
8.10
20.50
11.10
0.00
2.90
3.50
0.00
9.10
12.60
13.30
20.80
10.60
2.30
10.50
0.00
4.80
5.50
7.90
0.00
0.00
1.40
0.00
0.00
4.00
6.30
4.60
35.20
3.20
0.00
0.00
0.00
0.00
0.00
0.00
0.00
0.00
0.00
0.00
0.00
0.00
0.00
6.80
0.00
38.00
7.50
4.10
2.10
0.00
4.60
0.00
0.00
0.00
0.00
0.00
0.00
0.00
0.00
0.00
0.00
12.10
19.90
5.20
9.20
2.40
15.50
17.30
3.20
13.00
13.10
5.60
5.90
4.90
2.30
5.40
19.80
17.30
2.90
5.10
3.90
7.80
0.00
6.70
0.00
0.00
0.00
0.00
0.00
0.00
0.00
2.90
0.00
0.00
0.00
0.00
0.00
0.00
0.00
0.00
0.00
0.00
0.00
0.00
0.00
0.00
0.00
0.00
0.00
0.00
0.00
0.00
0.00
0.00
0.00
0.00
0.00
0.00
0.00
0.00
0.00
0.00
0.00
0.00
0.00
0.00
0.00
0.00
0.00
0.00
0.00
0.00
0.00
0.00
0.00
0.00
0.00
0.00
1.80
0.00
0.00
0.00
0.00
0.00
0.00
0.00
0.00
0.00
0.00
0.00
0.00
0.00
0.00
0.00
0.00
0.00
0.00
0.00
0.00
0.00
0.00
0.00
0.00
0.00
0.00
0.00
0.00
0.00
0.00
0.00
0.00
0.00
0.00
0.00
0.00
0.00
0.00
0.00
0.00
0.00
0.00
0.00
0.00
0.00
0.00
0.00
0.00
0.00
0.00
0.00
0.00
0.00
0.00
0.00
0.00
0.00
0.00
0.00
0.00
0.00
0.00
0.00
0.00
0.00
0.00
0.00
0.00
0.00
0.00
0.00
0.00
0.00
0.00
0.00
0.00
0.00
0.00
0.00
0.00
0.00
0.00
0.00
0.00
0.00
0.00
0.00
0.00
0.00
0.00
0.00
0.00
0.00
0.00
0.00
0.00
0.00
0.00
0.00
0.00
0.00
0.00
0.00
0.00
0.00
0.00
0.00
0.00
0.00
0.00
0.00
0.00
0.00
0.00
0.00
2.40
0.80
2.30
0.00
0.00
0.00
0.00
0.00
0.00
0.00
0.00
0.00
0.00
0.00
3.20
0.00
0.00
0.00
0.00
0.00
0.00
0.00
0.00
0.00
0.00
0.00
0.90
4.00
0.00
0.00
0.00
0.00
1.20
5.20
0.00
0.00
0.00
0.80
0.00
4.70
2.10
4.90
2.60
23.70
0.00
0.00
0.00
0.00
0.00
0.00
0.00
0.00
0.00
0.00
0.00
3.50
0.00
0.00
0.00
0.00
0.00
0.00
0.00
0.00
0.00
20.60
20.10
0.00
0.00
0.00
0.00
0.00
6.70
0.00
0.00
0.00
0.00
0.00
0.00
0.00
0.00
0.00
16.50
4.70
11.50
7.90
7.20
9.60
4.90
0.00
0.00
0.00
10.70
17.90
2.20
2.40
0.00
0.00