4.6
1.3
0.3
0.0
0.0
1.3
1.6
0.0
13.5
7.7
4.4
1.1
9.9
1.7
0.1
0.0
0.0
14.6
11.3
1.2
6.3
0.3
1.0
1.5
0.0
8.3
0.0
0.0
19.4
8.6
32.7
0.0
1.5
12.6
4.7
10.3
0.0
0.0
0.4
7.1
0.0
4.5
3.2
1.8
6.4
6.5
2.9
13.0
6.5
1.8
4.5
0.0
3.3
0.0
0.0
3.2
3.6
0.0
0.0
0.0
1.4
30.3
1.5
0.7
9.2
1.8
6.3
7.1
0.0
0.8
0.0
0.3
4.1
1.1
4.8
3.7
10.1
8.3
4.5
19.8
1.4
11.4
0.0
1.6
1.3
0.0
0.0
3.6
0.0
8.3
23.6
27.0
10.3
3.8
12.8
1.6
0.0
0.0
0.0
0.0
0.0
0.8
0.0
0.0
0.0
0.5
0.2
2.3
1.5
17.2
11.3
0.0
0.0
0.0
0.0
0.0
0.0
0.5
0.2
9.4
4.5
0.8
0.0
0.0
0.0
0.0
0.0
0.0
0.0
0.0
0.0
0.0
0.0
0.0
0.0
0.0
0.0
0.0
0.0
0.0
0.0
0.0
0.0
0.0
0.0
0.0
0.0
0.0
0.0
0.0
0.0
0.0
0.0
1.8
0.0
0.0
0.0
0.0
0.0
0.0
0.0
0.0
0.0
0.0
0.0
0.0
0.0
0.0
0.0
0.0
0.0
0.0
0.0
0.0
0.0
0.0
0.0
0.0
0.0
0.0
0.0
0.0
0.0
0.0
0.0
0.0
0.0
0.0
0.0
0.0
0.0
0.0
0.0
0.0
0.0
0.0
0.0
0.0
0.0
0.0
0.0
0.0
0.0
0.0
0.0
0.0
0.0
0.0
0.0
0.0
0.0
0.0
0.0
0.0
0.0
0.0
0.0
0.0
0.0
0.0
0.0
0.0
0.0
0.0
0.0
0.0
0.0
0.0
0.0
0.0
0.0
0.0
0.0
0.0
0.0
0.0
0.0
0.0
0.0
0.0
0.8
0.0
0.0
2.9
0.0
22.4
0.0
0.0
0.0
0.0
0.0
0.0
0.0
0.0
0.0
0.0
0.0
0.8
0.0
2.7
2.5
0.6
0.0
0.0
0.8
0.0
0.0
0.0
0.0
0.0
0.0
0.0
0.0
0.0
1.8
20.6
9.9
31.7
2.2
0.0
0.0
0.8
0.0
8.9
0.0
1.5
8.1
1.4
4.5
0.0
0.9
0.0
0.0
0.0
6.5
0.0
0.0
0.0
0.0
0.0
0.0
1.3
5.4
0.0
0.0
0.0
0.0
0.0
0.0
0.0
0.0
0.0
0.9
13.2
0.0
0.0
0.0
0.5
0.0
0.0
0.0
0.0
0.0
0.0
0.0
3.0
0.0
0.0
0.0
0.0
0.0
0.0
0.0
0.0
0.0
1.7
5.4
2.6
0.0
0.0
3.4
3.7
0.0
0.0
0.0
0.0
0.0
0.0
4.0
9.7
0.0
0.0
0.0
0.5
0.6
0.0
2.2
0.0
0.0
15.0
2.0
6.2
0.0
5.9
0.6
9.0
0.0
0.0
6.2
7.3
0.1
1.7
4.7
0.0
0.0
0.7
1.7
0.0
6.0
1.2
5.0
2.2
0.4
14.4
0.2
15.0
21.2
9.4
7.6
7.1
0.1
4.9
2.8
14.5
19.9
10.4
4.8
4.7
9.2
0.6
0.6
0.0
3.1
2.0
0.7
4.9
10.2
3.5
0.0
1.1
1.9
4.7
2.0
0.0
2.5
0.7
0.0
7.7
0.6
3.5
6.2
33.4
0.7
0.0
7.2
3.7
0.0
1.7
0.0
0.9
3.4
4.9
0.0
26.8
23.6
4.2
13.2
0.0
8.7
0.0
0.0
0.0
22.9
0.7
0.0
0.0
0.4
10.3
2.5
0.0
0.0
0.0
0.0
0.0
2.4
0.0
0.0
0.0
0.0
0.0
0.0
0.0
0.0
0.0
0.0
0.0
0.0
0.0
0.0
0.0
0.5
0.3
0.0
0.0
0.0
0.0
24.2
27.7
0.0
0.0
0.0
0.0
0.0
0.0
0.0
0.0
0.0
0.0
0.0
0.8
0.0
6.3
0.0
0.0
0.0
0.0
0.0
0.0
0.0
0.0
0.0
0.0
0.0
0.0
0.0
0.0
0.0
0.0
0.0
0.0
0.0
0.0
0.0
0.0
0.0
0.0
0.0
0.0
0.0
0.0
0.0
0.0
0.0
1.1
4.4
0.7
0.0
0.0
0.0
0.0
0.0
0.0
0.0
0.0
0.0
0.0
0.0
0.0
0.0
0.0
0.0
0.0
0.0
0.0
0.0
0.0
0.0
0.0
0.0
0.0
0.0
0.0
0.0
0.0
0.0
0.0
0.0
0.0
0.0
0.0
0.0
0.0
0.0
0.0
0.0
0.0
0.0
0.0
0.0
0.0
0.0
0.0
0.0
0.0
0.0
0.0
0.0
0.0
0.0
0.0
0.0
0.0
0.0
0.0
0.0
0.0
0.0
0.0
0.0
0.0
1.8
0.0
0.0
0.0
0.0
0.0
0.9
2.7
2.0
0.0
0.0
0.0
0.0
0.0
0.0
0.0
0.0
0.0
0.0
0.0
0.0
0.0
0.0
0.0
0.0
0.0
0.0
0.0
0.0
0.0
0.0
0.0
0.0
0.0
0.0
0.0
0.0
14.5
0.0
0.0
0.0
0.0
0.0
0.0
0.0
0.0
0.0
0.0
0.0
0.0
0.0
0.0
0.4
0.0
0.0
0.0
8.5
16.3
2.6
10.4
0.2
0.0
11.4
2.4
0.1
0.6
0.0
0.0
0.0
3.8
0.0
0.0
0.0
0.0
0.0
0.4
0.0
0.0
0.0
0.0
0.0
0.0
0.0
0.0
0.0
0.0
0.0
0.0
0.0
0.0
0.0
0.0
0.0
0.0
0.0
0.0
0.0
0.0
0.0
0.0
0.0
0.0
4.1
1.7
0.0
0.0
0.5
0.0
0.0
3.6
0.0
0.0
0.0
3.8
4.0
0.0
14.3
1.9
4.9
4.3
0.0
0.0
0.0
0.0
0.0
2.4
3.3
0.0
0.0
0.0
0.0
9.1
15.4
0.0
5.7
0.0
1.1
2.4
12.8
16.1
12.7
0.0
17.8
0.2
20.8
1.1
6.1
20.4
16.2
7.7
3.2
2.4
13.3
0.0
2.5
24.5
10.4
2.3
2.9
3.7
2.8
14.5
28.1
3.8
2.3
9.4
2.8
0.5
12.8
7.5
0.2
9.5
0.5
4.9
2.1
0.0
0.0
0.0
0.0
0.0
0.0
10.2
15.2
11.4
38.1
10.1
3.9
3.6
3.9
16.3
19.3
9.1
0.0
0.2
2.1
13.6
8.7
5.6
6.7
2.8
0.0
9.1
6.4
0.0
0.5
0.0
1.6
8.2
3.7
3.4
3.0
3.7
0.0
21.8
9.7
4.4
0.0
0.0
0.0
0.0
12.1
0.0
0.2
2.1
0.0
3.3
5.2
0.0
16.2
0.0
0.0
0.0
0.0
0.0
0.0
3.1
0.0
12.2
0.0
4.8
3.9
3.9
0.0
0.0
0.0
0.0
0.0
0.0
0.0
0.3
0.0
0.0
0.0
0.0
0.0
0.0
1.0
0.2
0.1
0.0
0.0
0.2
0.0
0.0
0.0
2.2
0.0
0.0
0.0
0.0
0.0
0.0
0.0
2.8
5.4
0.0
0.0
0.0
0.0
0.0
0.0
0.0
0.0
0.0
0.0
0.0
0.0
0.0
0.0
0.0
0.0
0.0
0.0
0.0
0.0
0.0
0.0
0.0
0.0
0.0
0.0
0.0
0.0
0.0
0.0
0.0
0.0
0.0
0.0
0.0
0.0
0.0
0.0
2.9
0.0
0.0
0.0
0.0
0.0
0.0
0.0
0.0
0.0
0.0
0.0
0.0
1.8
0.2
0.0
0.0
0.0
0.0
0.0
0.0
0.0
0.0
0.0
0.0
0.0
0.0
0.0
0.0
0.0
0.0
0.0
0.0
0.0
0.0
0.2
0.0
0.0
0.0
0.0
0.0
0.0
0.0
0.0
0.0
0.0
0.0
0.0
0.0
0.0
0.0
0.0
0.0
0.0
0.0
0.3
0.0
0.0
6.1
1.7
0.0
0.0
0.0
0.0
0.0
0.0
0.0
0.0
0.0
0.0
0.0
0.0
0.0
0.0
1.8
0.5
0.0
0.0
0.0
0.0
0.0
0.5
0.0
0.9
0.0
0.0
0.0
0.0
0.0
0.3
0.0
0.0
0.0
0.0
0.0
0.0
0.0
0.0
0.0
0.0
0.0
0.3
0.0
22.0
11.2
0.5
4.4
0.0
0.0
0.0
0.0
1.7
0.0
0.5
0.0
0.0
1.8
0.0
0.0
0.0
0.0
0.0
0.0
0.0
0.0
0.0
2.1
0.5
0.2
0.0
9.2
3.1
5.6
0.0
0.0
0.0
0.0
0.0
0.0
20.7
0.0
8.3
0.2
0.0
0.0
0.0
0.0
0.0
0.0
0.0
0.0
0.0
0.0
3.5
0.0
0.0
0.0
0.0
0.9
5.1
1.8
0.0
0.0
0.0
0.0
0.0
0.0
7.1
12.4
0.0
1.5
0.0
0.0
0.0
4.7
0.0
0.9
5.3
7.2
0.0
0.0
3.3
0.0
0.8
9.5
0.0
1.2
5.3
0.0
7.4
5.3
1.8
0.0
0.0
3.8
10.5
18.2
0.5
0.2
0.0
0.0
6.4
3.5
0.0
0.0
0.0
0.9
9.8
7.4
11.6
12.8
2.9
0.6
1.7
1.5
9.8
0.0
0.0
1.1
9.5
8.6
0.0
0.0
0.0
3.9
12.1
0.1
8.1
9.5
8.8
12.0
0.0
0.0
0.0
5.5
2.0
12.2
9.0
2.9
0.3
6.9
1.6
2.8
2.1
7.5
0.5
7.4
1.2
22.5
0.0
1.4
10.4
13.8
12.4
3.2
2.0
0.0
0.0
0.0
6.6
7.3
24.5
2.1
8.2
5.5
0.0
3.9
13.9
2.2
1.1
0.0
10.4
1.0
0.0
0.0
0.0
0.0
0.0
0.0
0.0
0.0
11.5
9.8
2.2
0.0
0.0
0.0
0.0
0.0
0.0
0.0
0.0
0.0
2.7
0.0
8.0
1.1
0.0
0.0
6.6
7.7
0.9
16.6
3.1
13.9
0.1
0.0
3.1
0.4
1.2
0.0
0.0
0.0
0.0
0.0
0.9
13.2
2.9
0.0
0.0
0.0
4.4
0.3
0.0
0.0
0.0
0.0
0.0
0.0
0.0
0.0
0.0
0.0
0.0
0.0
0.0
0.0
0.0
0.0
0.0
0.0
0.0
0.0
0.0
0.0
0.0
0.0
0.0
0.0
0.0
0.0
0.0
0.0
0.0
0.0
0.0
0.0
0.0
0.0
0.0
0.0
0.0
0.0
0.0
0.0
0.0
0.0
0.0
0.0
0.0
1.9
0.0
0.4
1.7
0.0
0.0
0.0
0.0
0.0
0.0
0.0
0.0
2.0
8.9
5.0
0.2
1.7
0.0
0.0
0.0
0.0
0.3
0.0
0.0
0.0
0.0
0.0
0.0
0.0
0.0
0.0
0.6
0.0
0.0
0.0
0.0
0.0
0.0
0.0
0.0
3.7
0.0
0.3
4.9
0.0
0.0
0.0
0.0
0.0
0.0
0.0
0.0
0.0
0.0
0.0
0.0
0.0
0.0
0.0
0.0
0.0
0.0
0.0
0.0
0.0
0.2
0.9
0.5
0.0
0.0
0.0
0.0
0.0
0.0
0.0
10.4
0.0
1.3
0.0
0.0
0.0
0.0
1.2
2.1
0.0
0.0
0.0
0.0
0.0
0.0
0.0
0.0
0.0
0.0
0.0
0.0
36.9
3.3
6.9
4.6
0.0
0.0
0.0
2.0
2.5
0.4
0.5
1.2
0.0
0.0
2.8
0.0
0.0
0.0
0.0
0.0
13.8
2.0
0.0
2.0
0.9
0.8
0.8
1.1
0.0
0.0
0.8
3.0
0.9
4.0
0.0
0.0
0.0
0.0
0.0
0.0
0.0
0.0
0.0
12.7
0.3
2.6
6.9
1.2
0.0
5.0
1.1
4.6
4.7
14.6
16.1
0.2
11.2
0.0
0.0
0.0
3.5
5.6
13.5
7.2
21.0
8.4
0.0
0.0
0.0
0.0
0.0
1.8
0.0
2.2
0.2
0.0
0.0
19.1
14.4
9.1
5.1
34.8
10.9
0.0
0.4
0.0
5.9
0.0
0.0
0.5
3.6
13.7
9.9
0.4
0.0
0.0
0.0
0.2
0.0
0.0
0.0
26.0
7.2
4.2
9.2
0.8
5.1
0.0
12.7
23.9
19.5
0.7
15.4
1.0
11.4
0.5
9.0
1.7
13.2
3.4
8.1
17.7
3.1
0.9
0.0
4.6
11.8
0.6
2.9
2.5
5.3
0.0
0.7
0.0
4.1
20.5
0.1
0.5
0.4
0.2
11.2
2.0
13.9
3.8
0.3
22.3
18.5
0.0
7.8
0.1
1.2
8.4
12.7
8.8
20.2
0.5
0.0
1.3
1.7
6.5
0.0
0.0
0.0
2.3
2.8
0.0
8.6
9.6
0.0
3.6
1.6
16.9
0.0
0.0
1.1
0.3
0.2
0.0
3.7
14.0
2.2
12.1
0.4
0.0
0.5
0.3
0.0
0.0
1.2
2.8
0.0
4.5
0.0
0.0
0.0
0.0
1.6
0.0
0.0
0.0
0.0
0.0
5.9
0.5
0.0
0.6
0.0
0.0
0.0
0.0
0.0
0.0
0.0
0.0
0.0
0.0
0.0
0.0
0.0
0.0
0.0
0.0
0.0
0.8
0.9
0.0
0.0
0.4
3.0
0.1
0.0
0.0
0.0
0.0
0.0
0.0
0.0
0.0
0.0
0.0
0.0
0.0
0.0
0.0
0.0
0.0
0.0
0.0
0.0
0.0
0.0
0.0
0.0
0.0
0.0
0.0
0.0
0.0
0.0
0.0
0.0
3.2
0.0
0.0
0.0
0.0
0.0
0.0
0.0
0.0
0.0
0.0
0.0
0.0
0.0
0.0
0.0
0.0
0.0
0.0
0.0
0.0
0.0
0.0
0.0
0.0
0.0
0.0
0.0
0.0
0.0
0.0
0.0
0.0
0.0
0.0
0.0
0.0
0.0
0.0
0.0
0.0
0.0
0.0
0.0
0.0
0.0
0.0
0.0
0.0
0.9
0.0
0.1
0.0
0.0
0.0
0.0
0.0
0.0
0.0
0.0
0.0
0.0
0.0
0.0
0.0
0.0
0.0
0.0
0.0
0.5
0.0
0.0
0.0
0.0
0.6
2.6
0.0
0.0
0.0
0.0
0.0
0.0
0.0
0.4
2.5
0.0
2.1
0.4
0.0
0.0
0.0
0.0
0.0
0.0
0.1
3.5
18.7
0.0
0.0
0.0
0.0
0.0
0.0
0.0
0.0
0.4
0.0
0.0
0.0
0.0
0.0
0.0
0.0
0.0
0.0
0.0
0.0
0.0
0.0
0.0
0.0
0.0
0.0
0.0
0.0
0.0
0.0
0.0
0.0
0.0
0.0
1.9
5.1
1.7
0.0
0.0
5.4
1.2
0.0
0.0
0.0
0.0
0.0
1.4
1.5
0.0
0.2
4.5
0.0
0.0
0.0
0.0
0.0
0.0
0.0
0.0
0.0
0.0
0.0
0.0
0.0
8.8
0.7
0.0
0.0
6.5
0.0
0.0
0.0
0.0
0.0
0.0
0.0
2.6
0.0
0.0
36.7
4.8
0.0
0.0
2.3
2.8
0.2
4.2
2.0
5.0
0.1
18.0
8.5
1.2
19.7
0.0
0.0
10.9
6.2
0.4
1.6
2.7
14.8
13.0
2.4
6.8
0.6
4.0
15.2
30.2
1.4
5.6
3.6
5.2
33.1
43.8
5.0
13.6
2.3
4.6
5.9
13.2
10.3
9.6
5.6
3.2
1.3
8.0
0.0
0.0
0.0
0.0
0.0
0.2
1.2
5.6
13.2
18.1
6.1
32.1
15.9
4.4
10.0
15.4
13.5
0.0
0.0
0.4
0.0
5.4
2.1
0.5
0.0
0.0
0.0
0.0
0.0
0.0
0.0
0.0
0.0
0.0
0.0
0.0
0.0
1.0
6.0
5.5
25.0
4.3
2.1
0.4
0.0
0.0
0.0
3.5
0.0
0.0
1.2
0.0
14.3
2.0
11.5
10.2
3.8
0.2
0.6
2.9
5.6
0.1
0.8
12.5
2.4
0.0
0.0
0.0
0.0
2.0
2.2
0.0
0.0
0.0
0.0
0.0
0.0
1.9
0.0
4.2
6.2
4.8
0.1
0.0
0.0
0.2
0.6
0.4
0.0
0.0
0.0
0.0
1.4
0.0
0.0
1.0
2.3
0.0
0.0
0.0
0.0
0.0
0.0
0.0
0.0
0.0
0.0
0.0
0.0
0.0
0.0
0.0
0.0
0.0
0.0
0.0
0.0
0.0
0.0
0.0
0.0
0.0
0.0
0.0
0.0
0.0
0.0
0.0
0.0
0.0
0.0
0.0
0.0
0.0
0.0
0.0
0.0
0.0
0.0
0.0
0.0
0.0
0.0
0.0
0.0
0.0
0.0
2.0
0.0
0.0
0.0
0.0
0.0
0.0
1.6
0.3
0.4
0.0
0.0
0.0
0.0
0.0
0.0
0.0
0.0
0.0
0.0
0.0
0.0
0.0
0.0
0.0
0.0
0.0
0.0
0.0
0.0
0.0
0.0
0.0
0.0
0.0
0.0
0.0
0.0
0.0
0.0
0.0
0.0
0.0
0.0
0.0
0.0
0.0
0.0
0.0
0.0
0.0
0.0
0.0
0.0
0.0
0.0
0.0
0.0
1.1
0.0
6.4
11.6
0.0
0.0
0.0
0.0
0.1
0.0
0.0
0.0
0.0
0.0
0.0
0.0
0.0
0.0
0.1
11.6
0.0
0.0
0.0
0.0
0.0
0.0
0.0
0.0
0.0
0.0
0.0
0.0
1.9
0.0
0.0
0.0
0.0
6.2
0.0
2.6
4.1
0.0
0.0
0.0
15.1
0.0
0.0
0.0
0.0
0.0
0.0
0.0
0.0
0.0
0.0
0.0
0.4
0.0
0.0
0.2
0.0
0.8
0.0
0.0
0.0
0.0
0.0
0.0
0.0
0.0
0.0
5.1
0.0
0.0
0.5
0.0
0.0
8.0
0.1
0.0
0.0
0.0
0.0
0.0
0.0
0.2
0.2
1.5
0.0
0.0
0.0
0.7
0.3
0.0
0.0
0.7
0.5
0.0
0.3
0.0
0.0
3.8
0.0
0.0
0.0
0.0
0.0
0.0
0.0
14.5
4.3
7.6
0.0
5.0
2.6
12.9
1.1
1.2
1.8
1.6
0.3
0.0
0.0
0.0
0.4
0.0
0.0
0.0
5.8
10.7
8.6
6.6
15.0
0.6
4.3
8.4
0.0
0.0
0.0
1.6
6.1
10.2
28.0
4.1
3.4
10.6
0.4
0.0
1.8
7.0
0.4
2.8
3.7
1.7
0.0
0.2
0.0
0.0
0.0
0.0
0.0
0.0
0.0
5.3
14.0
6.2
5.1
2.8
9.1
1.6
17.7
39.4
14.3
12.4
17.5
33.1
2.7
13.8
0.8
24.0
3.3
18.2
3.8
17.1
2.4
16.0
2.4
0.3
0.0
0.3
0.0
0.0
0.0
0.0
0.0
0.7
0.0
0.0
0.0
10.8
0.0
0.0
3.0
12.5
12.8
1.1
0.4
0.0
0.0
0.0
0.0
0.0
9.8
1.1
5.8
0.0
0.0
0.0
0.5
0.9
7.5
49.6
0.0
9.0
0.0
1.1
3.8
4.8
0.0
1.1
0.0
0.0
0.0
7.4
17.4
1.1
0.0
3.8
0.0
0.0
0.0
0.0
0.0
0.0
0.0
0.0
0.0
0.1
0.0
0.0
0.0
0.0
0.0
0.0
0.0
0.0
0.0
0.0
0.0
0.0
0.0
0.0
0.0
0.0
0.0
0.0
0.0
0.0
0.0
0.0
0.0
0.0
0.0
0.0
0.0
0.0
0.0
0.0
0.0
0.0
0.0
0.0
0.0
0.0
0.0
0.0
0.0
0.0
0.0
0.0
0.0
0.0
0.0
0.0
0.0
0.0
0.0
0.0
0.0
0.0
0.0
0.0
0.0
0.0
0.0
0.0
0.0
0.0
0.0
0.0
0.0
0.0
0.0
0.0
0.0
0.0
0.0
0.0
0.0
0.0
0.0
0.0
0.0
0.0
0.0
0.0
0.0
0.0
0.0
0.0
0.0
0.0
0.0
0.0
0.0
0.0
0.0
0.0
0.0
0.0
0.0
0.0
0.0
0.0
0.0
0.0
0.0
0.0
0.0
0.0
0.0
0.0
0.0
0.0
0.0
0.0
0.0
0.0
0.0
0.0
0.0
0.0
0.0
0.0
0.0
0.0
0.0
0.0
0.0
0.0
0.0
0.0
0.0
0.0
0.0
0.0
0.0
0.0
0.0
0.0
0.0
0.0
0.0
0.2
0.9
0.0
0.0
0.0
0.3
20.2
0.0
0.0
0.0
0.0
0.0
0.0
0.0
0.0
0.0
0.0
0.0
0.0
0.0
0.0
0.8
0.0
0.0
0.0
0.0
0.0
0.0
0.0
12.7
16.8
28.8
3.7
0.0
0.0
0.0
0.0
0.0
4.1
0.0
0.0
0.6
0.0
0.0
0.0
1.1
7.1
0.0
0.0
0.0
0.0
0.0
0.0
0.0
0.0
0.0
0.0
0.0
0.0
13.7
15.1
9.9
2.3
0.0
0.3
3.3
0.0
1.8
0.6
0.0
0.0
0.0
1.4
0.2
1.6
0.3
0.0
1.1
2.5
0.2
0.0
0.0
0.0
0.0
0.0
30.8
2.1
10.7
0.0
11.0
0.0
0.0
0.0
0.0
0.5
0.0
0.0
21.5
0.3
6.9
0.0
8.1
0.0
1.6
0.0
0.0
0.0
5.6
19.1
15.8
4.9
12.3
10.0
7.7
5.6
6.5
5.5
0.7
6.8
0.2
0.0
0.0
0.0
0.0
1.7
22.3
21.2
9.0
6.1
4.5
6.3
5.3
10.7
0.0
17.8
2.7
0.2
8.1
6.6
4.1
26.2
8.3
0.8
6.1
0.0
0.5
1.7
0.0
1.4
0.0
0.0
0.8
14.3
0.3
8.8
0.3
0.8
18.0
0.0
0.0
0.0
0.0
0.0
0.0
0.0
0.0
1.0
0.0
27.1
8.4
0.0
1.9
1.3
23.4
11.9
4.3
0.8
5.5
0.2
0.0
0.0
0.0
0.0
0.0
0.0
0.0
0.0
0.0
1.3
21.8
7.6
0.2
2.7
3.4
11.8
6.8
6.4
4.1
2.7
0.2
0.8
1.5
0.0
22.2
6.7
4.2
0.0
0.0
0.0
2.9
3.3
0.0
0.0
0.0
0.0
0.0
0.0
0.3
5.4
0.4
3.1
0.0
0.2
0.0
0.0
0.0
0.0
0.0
0.0
0.0
0.0
0.0
0.0
0.0
0.0
0.0
0.0
0.0
0.0
0.0
0.0
0.0
0.0
0.0
0.0
0.0
0.0
0.0
0.0
0.0
0.0
0.0
0.0
0.0
0.0
0.0
0.0
0.0
0.0
0.0
0.0
0.0
0.0
0.0
0.0
0.7
0.5
0.0
0.0
0.0
0.0
0.0
0.0
0.0
0.0
0.0
0.0
0.0
0.0
0.0
0.0
0.0
0.0
0.0
0.0
0.0
0.0
0.0
1.3
0.5
0.0
0.0
0.0
0.0
0.0
0.0
0.0
0.0
0.0
0.0
0.0
0.0
0.0
0.0
0.0
0.0
0.0
0.0
0.0
0.0
0.0
0.0
0.0
0.0
0.0
0.0
0.0
0.0
0.0
0.0
0.0
0.0
0.0
0.0
0.0
0.0
0.0
0.0
0.0
0.0
0.0
0.0
0.0
0.0
0.0
0.0
0.0
0.0
0.0
0.0
0.0
0.2
0.0
0.0
0.0
0.0
0.0
0.0
0.0
0.0
0.0
0.0
0.0
0.0
0.0
0.0
0.0
0.0
0.0
0.0
0.0
0.0
0.0
0.0
0.0
0.0
0.0
0.0
0.0
0.0
0.0
0.0
0.0
0.0
0.0
0.0
0.0
0.0
0.0
0.0
0.0
0.0
3.3
4.6
9.4
2.8
0.0
0.0
0.0
2.5
0.0
0.0
1.8
0.0
0.0
0.0
0.0
0.0
1.2
0.0
0.0
0.0
0.0
1.6
0.0
0.0
0.0
0.0
6.2
14.5
3.9
0.0
0.0
1.5
4.7
1.2
6.8
6.1
0.0
0.0
0.0
1.2
7.1
4.9
0.4
15.4
0.0
0.5
0.4
0.0
0.0
0.0
0.0
0.0
0.0
0.0
1.4
2.5
0.7
0.6
0.7
2.5
0.0
13.2
9.9
0.0
0.0
0.0
18.2
0.1
0.0
0.0
0.4
0.0
6.2
4.0
0.0
0.0
6.4
0.0
0.0
0.0
0.0
5.1
19.4
6.9
3.8
13.9
1.3
2.6
0.0
0.0
0.0
3.1
2.7
4.0
5.3
0.0
10.5
0.0