1
1.4
2.2
0
0
0.4
0
7
26.2
9.7
19.5
6.3
1
8.9
0.3
0
1.6
0
2.6
9.2
5.5
4
1.6
20.3
0.6
14.8
11.6
0
0
4.8
3.5
0
3.9
5.1
4.4
7.9
7
2.3
3.8
10.7
3.2
3
4.7
33.1
11.2
15.7
5.4
6.6
2.1
4.7
5.7
2.4
6.4
19.6
3.8
4.3
1.6
0
0
3.5
4.2
6.8
4.3
18.8
21.3
26.7
12.1
14
18.2
10.6
0
4.6
9
3.1
0.9
0.3
1.2
0.2
0.6
1.4
5.6
1.9
5.2
3.3
2
0.1
0
0
0
1.1
5.7
12.7
13.5
13
16.4
3.2
0.5
42.3
0
0
0
6.6
0
0
0
3.6
0.6
10.3
0
12.7
0
0
0
0
0
0.7
0
0.5
0
3.8
5.9
1.5
0
0
0
0
0
0
0
0
0
0
0
0
0
0
0
0
0
0
0
0
0
0
0
0
0
0
0
0
0
0
0
0
0
0
0
0
0
0
1.7
0
0
0
0
0
0
0
0
0
0
0
0
0
0
0
0
0
0
0
0
0
0
0
0
0
0
0
0
0
0
0
0
0
0
0
0
0
0
0
0
0
0
0
0
0
0
0
0
0
0
0
0.6
0
0
0
0
0
0
0
0
0
0
0
0
0
0
0
1
0.2
0
0
0
0
0
0
0
0
0
0
0
0
0
0
0
11.1
0.1
0
0
0
0
0
0
0
0
0
0
0.4
6.8
3.6
1.6
0
0
1
0
0
0
1.2
0
0
1.3
0
1.6
3
0
14.7
8.3
8.3
0
0
0
2
0
6.9
5.9
0.6
12.3
0
0.2
0
1.5
0.4
0
0
0.6
4.2
0
0
0
9.6
0
0.1
6.8
4.5
0
0
0
0
0
0
0
0
5
0
1
0
0
4.7
0
0
0
0
0
0
0
10.5
0
0
0
0
0
0
0
0
0
0
1.7
1.3
0
0
0
15.2
14
0
0
0
8.2
0
4.5
0
0
0
0
5.2
4.6
0
12.8
2.4
0.1
0
34.8
8.1
0
1.4
1.8
7.3
0
0
9.5
12.3
0.8
0.6
7
0
3.2
19.6
18.8
12.7
9.1
0.6
21
4.3
0
1.1
0
2.9
18.2
7.5
14
12.1
0
23.2
12.8
10
9.5
3.4
1
6.5
20.5
1
4.5
8.9
3.5
11.8
5
4.6
16.5
6.2
0
0
5.2
10.5
7.1
0
0
2.2
11.6
2.5
2.9
14.1
28.6
6.5
2.2
1.4
0
4.1
9.9
4.8
6.2
0
13.6
6
3.7
28.6
9.3
7.3
11.9
0
1.3
0
0.3
0
5
0
0
0
2.7
8.2
2.2
0
2.6
0
0
0
0
0
0
0
0
0
0
0
0.7
0.3
5
0
0
0
0.2
0
1
3.4
0
0
0
4.6
0
0
0
2.5
0
0
0
0.8
0
0
0
0.8
0
1.2
0
13.4
0
0
0
0
0
0
0
8.7
0
0
0
0
0
0
0
0
0
0
0
0
0
0
0
0
0
0
0
0
0
0
0
1.3
2.8
1
0
0
0
0
0
0
0
0
0
0
0
0
0
0
0
0
0
0
0
0
0
0
0
0
0
0
0
0
0
0
0
0
0
0
0
0
0
0
0
0
0
0
0
0
0
0
0
9
0
0
0
0
0
0
0
0
0
0
0
0
0
0
0
1.5
3.8
0.6
3.9
0
0
0
0
2
0.6
0
0
0
0
0
0
0
0
0
0
0
0
0
0
0
0
0
0
0
0
0
0
0
0
0
4
0
0
0
2.2
1.6
0
0
0
0
0
0
0
0
0
0
0
0
0
0
0
0
13.6
12.7
7.5
11.5
8.7
14.8
18.5
2.5
0
0
0.4
0.2
2.2
9.2
2
4
0
0
6.8
0
1.2
0
0
0
0
3.2
0
0
0
0
0
0
0
0
0
0
0
0
0
0
0
0
0
0
0
0
1.9
1.2
3.5
3.5
2.2
0
0
7.5
0
0
0
0
8.8
0
0.5
10.7
2
3.7
0
0
0
0
0
0.9
0
0.2
0.1
4
0
3.4
12.3
2.6
11.1
12.2
0.6
2.5
16.8
9.6
2.4
4.2
0
27.6
20.1
3.4
0.3
14.1
9.1
8.6
10.7
12
17.1
3
1
15.2
3.1
3
5.3
11.7
2.5
13
24.7
0
2.4
17.9
8.3
1.4
6.2
11.8
6.3
2.4
0.7
12.1
3.6
0
0
0
0
0
0
9.6
5.7
2.2
27.7
10.1
2.5
7.7
1.4
3.9
8.7
0
0
16
1.2
0.6
0
6.3
4.5
1.8
0
12
17.3
0
0
8.4
15.8
9.1
4
0.4
0.8
0
1
1
4
8
1.6
20.2
1.9
17.4
8.1
0
0.5
26.5
3.4
1.1
4.4
14
0.4
0
0
0
0.5
8.8
0
16
0.9
1.8
0
0.9
2.7
0
0
0
0
0
0
0
0
0
3.8
1.3
0
0
0
0
2.9
8.2
0
0
0
0
0
0
0
2.2
0
0
0
0
0
0
0
8.6
12.6
0
0
0.8
0
0
0
0
0
0
0
0
0
0
0
0
0
0
0
0
0
0
0
0
0
0
0
0
0
0
0
0
0
0
0
0
0
0
0
0
0
0
0
0
0
0
0
0
0
0
0
1
2.2
0.5
0
0
0
0
0
0
0
0
0
0
0
0
0
0
0
0
0
0
0
0
0
0
0
0
0
0
0
0
0
0
0
0
0
0
0
0
0
0
0
0
0
0
0
0
0
0
0
0
0
0
0
0
0
0
0
0
0
0
0
0
0
0
0
0
0
0
0
0
0
0
0
0
0.72
7.02
0
0
0
0
3.29
0
0
0
0
0
0
0
0
0
0
0
0
0
0
0
0
0
0
0
0
0
0
0
0
0
0
0
0
0
0
0
0
0
0
0
0
0
0
0
0
0
0
0
0
0
0
0
0
0
0
0
0
0
0
0
0
0
0
0
0
0
0
0
0
0
0
0
0
0
0
0
0
0
15
3.7
4.9
0
0
0
0
0
0
7.1
8.8
3.6
0
1.4
0
0.3
0
9.5
0
2.2
1.5
2
2.3
6.9
0
0
0
16.5
0.2
0.4
3.3
0
0
0
1.1
1.5
2.3
6.4
0.3
0.6
13
9.8
7.4
10.1
16.2
13.5
8.6
2.1
4.8
2.9
0
1.3
5.2
7.3
2.5
18
0.6
14.6
1.6
7.4
7.4
3.3
1.7
17.1
0.7
0
2.4
0
1.2
7.6
12.1
0
0.4
9.5
16.5
1.2
2.2
2.6
0.6
13.2
3.1
4.2
0.4
15.9
3.5
2.5
6.6
13
1.2
1.9
0
3.3
3.1
7.8
0.4
6.3
0.8
22.4
0.2
2.1
16.3
3.1
0.3
0.7
6.7
2.9
4.7
0
0
0
0
0
1.8
0
23.1
0.8
1.4
0
3.2
2.9
0
0
0
0
0.2
0.2
1.7
0
6.7
1.9
3.4
0
1.7
2.3
0
5.2
18.4
6
0.5
0
0.3
0
0
0
0
0
0
0
3
10.1
1.2
0.4
0
0
0
0
0
0
0
0
0
0
15
0
0
0
0
0
0.5
0
0
0
0
0
0
0
0
0
0
0
0
0
0
0
0
0
0
0
0
0
0
0
0
0
0
0
0
0
0
0
0
0
0
0.5
0
0
0.1
0
0
0
0
0
0
0
0
1.9
7
1.2
0.8
1.6
0
0
0
0.4
0
0
0
0
0
0
0
0
0
3.1
0
0
0
0
0
0
0
0
0
1.3
0
1.7
0
0
0
0
0
0
0
0
4.2
0.8
0
0
0
0
1.7
0.3
0
0
1
0
0
0
0
1.2
6
1.1
0
0
0
0
0
0
4.9
0
0
0.3
0.1
0
0
0.4
4.6
0
4.6
0
0
0
0
0
0
0
0
0
0
5.9
0
17
0
0
0.5
8.4
0
2
3.2
5
0
2.9
5.2
13.6
0.8
0
0
22.3
4.5
0.3
0.7
3.5
0.5
1.2
0.2
0.1
6.7
9.7
0.3
1.3
3.2
0.1
0
0
0
0
0
0
0
0
0
0
15
0.6
1.5
0.6
11.5
4.2
2.5
0.2
26.2
3.2
0.1
7.2
0.2
9.1
0.6
0.5
0
5.5
0
12.4
1.9
9.3
0.5
0.4
0
0
0
0
0
0
0
3.4
0.5
7.3
2.1
6.7
1.7
4.7
8.4
16.8
0
0
0
14.5
1.2
0.1
0.8
6.9
4.9
7.6
1.7
0.3
0
0
0
0
0
4.7
18.2
8.9
1.1
2.7
0
4.8
8.7
5.7
17.4
13.2
6.1
0.1
8.8
1.3
0.8
9.4
8.7
4
0
1.6
12.2
5.2
0
0
2.4
6
0
4
2.2
0.2
0.7
2.5
0
0.2
4.9
4.8
0
5
0.3
11.9
1.5
8.3
11.1
7.4
11.9
15
0.3
8.6
1.2
13.8
2.7
11.5
9.7
7.6
12.5
15.7
0.6
6.1
4
5
0
0
0
0.2
0
3.5
8.2
2.9
12.8
0.2
1.4
0.9
6.3
7.3
1.6
0
0
6.5
12.6
7.4
17.5
1.1
3.3
0.6
0.5
0
0
0
0
0
0.5
11.3
0
0
0
4
0
0
0
0
0
0
0
2.9
0.4
0
0
0
0
0
0
0
0
0
0
0
0
1.8
0
0
0.2
0
0.3
0
0
0
0.3
0
0.7
0.2
0.3
0
0
0
0.1
0
0
0
0
0
0
0
0
0
0
0
0
0
0
0
0
0
0
0
0
0
0
0
0
0
2
0
0
0
0
0
0
0
0
0
0
0
0
0
0
0
0
0
0
0
0
0
0
0
0
0
0
0
0
0
0
0
0
0
0
0
0
0
0
0
0
0
0
0
0
0.1
0
0
0
0
0
7.4
0
0
0
0
0
0
0
0
0
0
0
0
0
0
0
0
0
0.9
0
0
0
0
0
0
0
0
0
0
0
0
0
0
6.7
0
0.9
0.6
0
0
0
0
0
0
0
0
21.2
0
0
0
0
0
0
0
0.2
7
0.1
0
0
0
0
0
0
0
0
0.2
0
0
0
0
0
0
0
0
0
0
0.7
0
0
0
0
1.2
2
5.8
0.4
0
9.4
2.1
0
0
0
0
0
0
11
0
4.9
0
0
0
0
0
0
0
0
0
0
0
0.3
0
0.2
1.1
0
0
0
2
0
0
0.5
0
8
0
0
0
0
0
20.5
1.1
0
0.5
1
4.6
6.2
16.6
7
2.4
4.7
9.2
7.9
5
3.4
0
0
12.5
2.3
2.6
4.8
4.7
17.5
9
6.2
9.9
1.6
4.4
6.8
5.8
19.4
11.2
13.8
6.3
7.3
12.3
6.2
9.4
4.2
2.3
5
5.4
24.6
2.2
1.9
0
1.3
0
0
3.6
0
0
0
1.4
5.6
4.9
6
11.2
8.2
20.1
8.8
2.3
2
15.4
1.4
0
4
0.7
0.5
16.8
3.9
0.2
0
0
0
5.4
0
0
0
0
0
0
2
0
0
0
0
12.8
2.1
9.6
11.1
0
0
4.5
0
0
0
0.5
0
0.5
20.1
0.3
16
1
1.4
1.7
3.8
0
12.2
4.8
1
11.9
2.8
0
1.3
11
0
0
2.8
0
0
0
0
0
0
0
0
4.3
1.2
2.6
0
0
0
0
7.9
4.6
0
0
0
0
0
0
0.5
4.9
1.3
0
0
0
0.3
0
0
0
0
0
0
0
0
0
0
0
0
0
0
0
0
0
0
0
0
0
0
0
0
0
0
0
0
0
0
0
0
0
0
0
0
0
0
0
0
0
0
0
0
0
3.4
0.3
0
0
0
0
0.3
0
2.3
4
4.4
0.3
0
0
0
0
0
0
0
0
0
0
0
0
0
0
0
0
0
0
0
0
0
0
0
0
0
0
0
0
0
0
0
0
0
0
0
0
0
0
0
0
0
0
0
0
0
0
0
0
0
1.4
11.2
0
0
0
0
0
0
3.2
0.2
0
0
0
0
0
0
4.6
2.5
0.1
0
0
0
0
0
0
0
0
0
0
0
0
0
0
0
0
11.2
0
7.2
0.2
0.6
0
0
2.5
0
0
0.5
0
0.3
0
0
0
0
0
0
0
0.3
0
0
0
0.7
0
0.6
0
0
0
5.8
0
0
0
6.6
8.7
3.6
4.8
0
10.9
7.2
0.2
1.8
4.5
0
0
0
3.3
0
0.2
0
0
0
1.2
0.6
0
0.8
0
0
0.4
0
0.3
0
0
2.4
0.2
3
3.7
0.5
1.5
4.1
0
7.7
3.5
8.9
2
35
10
6.4
18.9
5.1
0.3
10.7
0.9
1.3
0
0
0.4
0
0
0.4
3
5.9
11
22.9
5.4
4.3
5.2
7.2
0
0
0
0
7
0.4
9.3
7.2
3
10.4
0.4
0
2.9
5.2
0
3.9
0.3
0
0
0
0
1.4
0.9
0
1.9
5.8
5
1
11.6
8.5
11.1
0.1
0
1.6
4.5
20.6
0.2
25.8
29.1
18.9
2.7
15.1
22.9
25.6
11.9
6.7
8.4
12.6
18.9
5.7
11
13.3
8.2
7.3
0.3
0
2.5
0
3.9
0
0
0
0
11.9
0
0
3.7
1.1
17.6
4.8
0
0
0
1
0.6
6
18.1
4.8
0
1.4
3.3
0
0.3
4.8
1.7
30.8
0
7.2
3.7
0.5
10.3
18.2
0
3.2
0
6.8
0
0
0
0
0.7
0.1
0
0
0
0
0
0.6
0
0
0
0.3
0
0
0
0
0.2
0
0
0
0
0
0
0
0
0
0
0
0
0.2
0
0
0
0
0
0
0
0
0
0
0
0
0
0
0
0
0
0
0
0
0
0
0
0
0
0
0
0
0
0
0
0
0
0
0
0
0
0
0
0
0
0
0
0
0
0
0
0
0
0
0
0
0
0
0
0
0
0
0
0
0
0
0
0
0
0
0.2
1.2
0
0
0
0
0
0
0
0
0
0
0
0
0
0
0
0
1.7
0.6
0
0
0
0
0
0
0
0
0
0
0
0.1
0
0
0
0
0
0
0
0
0
0
0
0
0
0
0
0
0
0
0
0
0
0
0
0
0
6.4
0
0
0
0
0
0
0
0
0
0
0
0
0
0
0
0.3
0
10.8
5.7
0.7
0.1
0.5
0.9
3.6
18.8
2.2
0
0
0
0
0
11.7
0.4
0.5
0.5
0.5
0
0
7.8
0
0
0
0
0
0
0
0
0
0
0
0
0
24
28.3
0.8
6.1
2.2
0
1.8
4.5
3.3
3.7
0
0
0
0
0
2.8
1
0
0
0.5
1.3
0
0
0
0
0
5.9
2.2
0.7
0
0.5
0
0
0
10
9
0
0
0
0
1.8
0
4.9
0.5
0
0.4
0
0.9
2.2
5.3
8.7
3.3
11.2
2.5
17
15
10.6
1.4
12.4
19.2
1.2
0
0
0
2.4
0.3
11.1
26
13.7
5.4
4.4
18.2
10.5
6.6
2.6
18.2
14.1
2.6
8.3
11.5
11
20.6
12.3
4.3
0.3
9.4
1.9
9.7
0.1
2.2
13.6
1.4
2.4
7.7
11.8
1.8
16
20.3
7.4
0
0
0
0
0
0.2
0
0
7
0
0.3
7.9
4.5
7.3
13.4
7.6
0.3
8.6
12.8
3.6
2.2
3.2
0
0
0
0
0
0
0.2
1.1
5.9
5.1
8.8
0.2
15
10.3
15.3
15.7
10.3
6.4
2.5
8.3
16.8
18.2
0
4
4
14
0.3
0
5.3
6
17.3
0
0
2.5
0
0
0
3.7
0.2
3.9
7.1
2.6
0.5
0
0
0
0
0
0
0
0
0
0
15.6
1.9
0
0
0
0
0
0
0
0
0
0
0
0
0
0
0
0
0
0
0
0
0
0
0
0
0
0
0
0
0
0
0
1.6
0
0
0
0
0
0
0
0
0
0
0
0
0
0
0
0
0
0
0
0
0
6.6
0
0
0
0
0
0
0
0
0
0
0
0
0
0
0
0
0
0
0
0
0
0
0
0
0
0
0
0
0
0
0
0
0
0
0
0
0
0
0
0
0
0
0
0
0
0
0
0.2
8.9
0
0
0
0
0
0
0
0
0
0
0
0
0
0
0
0
0
0
0
0
0
0
0
0
0
0
0
0
0
0
0
0
0
0
0
0.1
0
0
0
0
0
0
0
0
2.6
0.1
2.7
5.1
0
0
0
0
0
0
1
0
0
0
0
0
0.6
0
0
0
0
3
0
0
0
0
6.2
7.8
2.4
0
0
0.2
3.1
2.8
3.4
0.4
0
1
0
4.2
12.3
0.9
2.6
21.4
5.7
1.9
0
4.1
0
0
0
0
0
0
0
0
0.3
2.5
6.1
0.1
0
3.5
0
3.3
0
3.6
3.6
0
0
0
5
0
20.6
4.6
0
0
0
0
0.1
0
0
8.2
4.2
12.4
10.4
13.2
4.5
8.3
3.3
0.8
0
0
16.9
4.3
3.2
0.4
0.9
29.7