13.8
2.8
0.0
0.0
0.0
0.0
0.0
0.0
0.0
1.2
9.2
0.2
7.4
0.0
0.0
0.0
0.8
0.0
1.0
0.0
11.6
0.0
0.6
3.6
12.6
18.0
0.4
17.2
18.8
0.0
20.4
0.0
5.2
13.6
8.0
5.8
5.0
13.4
29.0
27.8
1.4
4.4
0.1
0.0
0.8
1.4
2.0
5.8
9.9
5.8
1.6
2.2
6.1
0.0
0.2
10.2
2.4
10.4
5.0
13.4
0.6
24.0
0.6
8.8
2.8
8.6
6.8
9.2
28.6
5.6
10.6
0.2
21.2
0.0
7.6
0.2
1.2
19.6
3.6
2.2
10.6
11.4
4.4
0.0
9.4
0.0
0.4
1.0
0.0
0.0
3.8
21.2
11.2
3.2
1.8
6.0
0.0
4.0
0.0
0.0
1.0
0.0
2.4
0.0
0.0
0.0
0.0
0.0
0.0
0.0
7.6
0.0
0.0
0.0
2.0
0.0
0.0
0.0
0.0
0.0
1.6
0.0
0.0
0.0
0.0
0.0
0.0
0.0
0.0
0.0
0.0
0.0
0.0
0.0
0.0
0.0
0.0
0.0
0.0
0.0
0.0
0.0
0.0
0.0
0.0
0.0
0.0
0.0
0.0
0.0
0.0
0.0
0.0
0.0
0.0
0.0
0.0
0.0
0.0
0.0
0.0
0.0
0.0
0.0
0.0
0.0
0.0
0.0
0.0
0.0
0.0
0.0
0.0
0.0
0.0
0.0
0.0
0.0
0.0
0.0
0.0
0.0
0.0
0.0
0.0
0.0
0.0
0.0
0.0
0.0
0.0
0.0
0.0
0.0
0.0
0.0
0.0
0.0
0.0
0.0
0.0
0.0
0.0
0.0
0.0
0.0
0.0
0.0
0.0
0.0
0.0
0.0
0.0
0.0
0.0
0.0
0.0
0.0
0.0
0.0
0.0
0.0
0.0
0.0
0.0
0.0
0.0
0.0
0.0
0.0
0.0
0.0
0.0
0.0
0.0
0.0
0.0
0.0
0.0
0.0
0.0
0.0
0.0
0.0
0.0
0.0
0.0
0.0
0.0
0.0
0.0
0.0
0.0
0.0
0.0
0.0
0.0
0.0
0.0
0.0
6.8
1.6
0.0
0.0
0.0
0.0
0.0
0.0
0.0
0.0
0.0
0.0
0.0
2.0
2.8
8.4
1.2
8.2
3.2
0.0
0.0
0.0
0.0
0.0
0.0
0.0
5.4
2.8
0.0
0.8
0.4
0.0
0.0
0.0
0.0
0.0
0.0
0.0
0.0
0.0
0.0
0.0
0.0
0.0
0.0
0.0
0.0
0.0
0.0
0.0
0.0
0.0
0.0
0.0
0.0
0.0
0.0
0.0
0.0
0.0
0.0
0.0
0.0
0.0
0.0
0.0
0.0
0.0
0.0
0.0
0.0
0.0
0.0
0.0
0.0
0.0
0.0
1.4
0.0
0.0
0.0
1.6
0.0
0.0
0.4
0.0
0.0
0.0
0.0
0.0
0.0
0.0
0.0
6.6
0.0
0.0
7.6
1.6
0.0
9.0
15.2
0.4
1.0
0.0
1.0
2.6
6.8
1.6
0.0
2.0
0.1
0.0
3.0
1.6
6.8
2.6
6.6
0.2
0.0
9.4
10.6
3.2
0.4
1.0
0.6
0.6
6.0
3.8
0.2
12.2
4.4
3.0
25.8
27.4
22.0
15.0
0.6
0.8
3.8
1.0
0.0
2.0
0.6
0.2
13.2
2.6
1.4
0.0
5.6
1.0
2.0
1.7
3.0
1.0
0.1
16.8
7.0
14.0
10.0
5.4
1.6
26.0
8.8
1.4
4.2
3.0
0.6
2.6
0.0
7.0
4.0
6.8
3.4
10.6
1.0
7.4
3.0
0.0
0.0
0.0
0.0
0.0
0.9
2.8
0.0
0.8
1.6
0.8
0.6
0.0
4.8
1.0
0.8
0.0
0.6
0.0
0.0
0.0
0.2
0.0
0.0
0.0
0.0
1.2
0.0
0.0
0.0
0.0
0.0
0.0
0.0
0.8
0.0
0.0
0.0
0.0
17.8
2.6
0.3
0.0
0.0
0.0
0.0
0.0
0.0
0.0
0.0
0.0
0.0
0.0
0.0
0.0
0.6
0.0
0.0
0.0
0.0
2.6
1.4
1.8
0.0
0.0
0.0
0.0
0.0
0.0
0.0
0.0
0.0
0.0
0.0
0.0
0.0
0.0
0.0
0.0
0.0
0.0
0.0
0.0
0.0
0.0
0.0
0.0
0.0
1.2
0.0
0.0
0.0
0.0
0.0
0.0
0.0
0.0
0.0
0.0
0.0
0.0
0.0
0.0
0.0
0.0
0.0
0.0
0.0
0.0
0.0
0.0
0.0
0.0
0.0
0.0
0.0
0.0
0.0
0.0
0.0
0.0
0.0
0.0
0.0
0.0
0.0
0.0
0.0
0.0
0.0
0.0
0.0
0.0
0.0
0.0
0.0
0.0
0.0
0.0
0.0
0.0
0.0
0.0
0.0
0.0
0.0
0.0
0.0
0.0
0.0
0.0
0.0
0.0
0.6
0.0
0.4
0.0
0.0
0.0
0.0
0.0
0.2
0.0
0.0
0.0
0.0
0.0
0.0
0.0
0.0
0.0
0.0
0.0
0.0
0.0
0.0
0.0
0.0
0.0
0.0
0.0
0.0
0.0
0.0
0.0
0.0
0.0
0.0
0.0
0.0
0.0
0.0
0.0
0.6
0.0
0.0
0.0
0.0
0.0
0.0
0.0
0.0
0.0
0.0
0.0
0.0
0.0
0.0
0.0
10.4
0.8
4.6
0.4
0.0
0.0
3.2
0.0
0.1
0.0
0.4
0.0
2.0
6.4
0.0
0.0
0.0
0.0
0.0
0.0
0.0
0.0
0.0
0.0
0.0
0.0
0.0
0.0
0.0
0.0
0.0
0.0
0.0
0.0
0.0
0.0
0.0
0.0
0.0
0.0
0.0
0.0
0.0
0.0
0.0
0.0
0.0
0.0
0.0
2.0
0.1
0.0
0.8
5.0
0.0
0.0
0.0
0.3
0.1
0.2
0.0
3.2
8.0
7.6
0.0
0.0
0.0
0.0
0.0
2.2
1.6
0.0
1.0
20.2
0.0
11.4
0.0
0.4
0.0
0.2
0.8
6.6
0.8
15.0
2.6
6.0
9.8
20.8
7.0
1.7
3.2
0.0
9.8
14.4
13.0
21.2
12.2
2.6
15.8
7.0
1.6
4.0
0.0
8.6
25.8
0.0
4.8
4.8
5.4
16.0
23.0
9.2
4.4
5.0
0.0
10.4
0.1
0.0
2.4
2.8
3.2
0.0
0.0
0.0
4.8
0.6
4.0
3.0
20.8
19.0
3.8
11.2
22.0
7.2
24.0
5.6
0.2
0.0
1.8
7.4
12.4
8.6
14.4
4.8
6.6
3.4
22.3
0.4
0.0
4.0
7.6
0.0
11.0
3.2
0.6
4.8
0.0
6.0
11.2
4.2
12.6
8.4
0.0
1.0
0.8
0.0
0.0
0.0
6.2
2.0
0.0
0.0
0.0
0.0
0.0
0.0
0.0
0.0
0.0
1.6
17.4
0.8
8.8
2.4
0.0
0.0
0.0
0.0
0.0
0.0
0.0
0.0
0.0
0.0
0.0
0.0
0.0
0.0
0.0
0.0
0.0
0.4
0.0
2.2
0.0
0.0
2.4
0.0
0.0
2.4
0.0
0.0
0.0
0.0
0.0
0.0
0.0
0.0
0.0
0.0
0.0
0.0
0.0
0.0
0.0
0.0
0.0
0.0
0.0
0.0
0.0
0.0
0.0
0.0
0.0
0.0
0.0
0.0
0.0
0.0
0.0
0.0
0.0
0.0
0.0
0.0
0.0
0.0
0.0
0.0
0.0
0.0
0.0
0.0
0.0
0.0
0.0
0.0
0.0
0.0
0.0
0.0
0.6
0.0
0.0
0.0
0.0
0.0
0.0
0.0
0.0
0.0
0.0
0.0
0.0
0.0
0.0
0.0
0.0
0.0
0.0
0.0
0.0
0.0
0.0
0.0
0.0
0.0
0.0
0.0
0.0
0.0
0.0
0.0
0.0
0.0
0.0
0.0
0.0
0.0
0.0
0.0
0.0
0.0
0.0
0.0
0.0
0.0
0.0
0.0
0.0
0.0
1.4
0.0
0.0
0.6
3.2
1.2
0.0
0.0
0.0
0.0
0.0
0.0
0.0
0.0
0.0
0.0
0.0
0.0
0.0
0.0
0.0
0.0
0.0
0.0
0.0
0.0
0.0
0.0
0.0
0.0
0.0
0.0
0.0
0.0
0.2
0.0
0.0
0.0
0.0
0.0
0.0
0.0
0.0
0.0
0.0
0.0
0.0
0.0
0.0
0.0
0.0
1.8
0.0
0.0
0.0
0.0
0.0
0.0
0.0
0.0
0.0
0.0
0.0
0.0
0.0
0.0
0.0
0.0
0.0
0.0
0.0
0.0
0.0
0.0
0.0
0.0
12.0
1.0
0.0
0.0
0.0
0.0
0.0
0.0
0.6
0.0
0.0
0.0
0.0
0.0
0.0
0.0
0.0
0.0
0.0
0.0
0.0
0.0
0.0
0.0
1.2
5.0
0.1
2.3
2.2
2.0
0.0
0.0
0.0
0.0
0.0
0.0
0.0
0.2
1.4
0.0
0.0
0.0
0.0
1.0
0.4
1.2
6.4
9.0
1.2
0.0
0.0
0.0
4.0
1.4
0.8
0.0
0.0
0.0
0.0
0.0
0.0
0.0
0.4
0.0
0.0
0.0
0.0
0.0
0.0
0.0
0.0
3.8
0.0
0.2
0.0
0.0
2.0
0.0
2.8
5.6
0.6
14.0
0.0
6.2
0.3
0.9
13.6
4.6
0.0
0.0
11.6
1.2
2.6
6.8
5.8
6.6
3.4
12.4
0.3
0.0
0.4
0.2
4.2
3.2
9.0
8.2
22.6
5.4
21.6
3.6
1.0
0.0
0.6
0.0
0.0
12.2
13.2
0.0
1.0
22.5
11.2
11.8
7.8
6.2
0.0
0.0
7.4
1.6
7.0
3.6
0.6
2.2
21.2
2.2
1.2
7.2
3.0
5.0
0.0
0.0
3.4
16.0
3.6
0.0
0.6
0.0
0.0
0.3
0.0
0.0
2.0
6.4
0.0
0.0
0.0
0.0
15.0
9.8
0.0
0.0
0.0
0.0
3.4
0.0
14.8
0.6
0.0
0.0
1.4
0.0
0.0
5.6
9.6
13.8
0.0
0.0
1.2
0.0
0.4
0.0
0.0
0.0
0.0
0.0
0.0
12.0
0.0
0.8
0.0
1.8
0.2
0.8
1.2
0.0
0.2
0.0
0.0
0.0
0.0
0.0
0.0
0.0
0.0
0.0
0.0
0.0
0.0
0.0
0.0
0.0
0.0
0.0
0.0
0.0
0.0
0.0
0.0
0.0
0.0
0.0
0.0
0.0
0.0
0.0
0.0
0.0
0.0
0.0
0.0
0.0
0.0
0.0
0.0
0.0
0.0
0.0
0.0
0.0
0.0
0.0
1.2
4.2
3.8
0.0
0.4
0.0
0.0
0.0
0.0
0.0
0.0
0.0
7.0
0.0
0.0
0.0
0.0
0.0
0.0
0.0
0.0
0.0
0.0
0.0
0.0
0.0
0.0
0.0
0.0
0.8
1.8
0.0
0.0
0.0
0.0
0.0
0.0
0.0
0.0
0.2
0.0
0.0
0.0
0.0
0.0
0.0
0.0
0.0
0.0
0.0
0.0
0.0
0.0
0.0
0.0
0.0
0.0
0.0
0.0
2.0
0.0
0.0
0.0
0.0
0.0
0.0
1.2
0.0
0.0
0.0
0.0
0.0
0.0
0.0
0.0
0.0
0.0
0.0
0.0
0.0
0.0
0.8
0.0
0.0
0.0
0.0
0.0
0.0
0.0
0.0
0.0
0.0
0.0
0.0
0.0
16.4
3.6
0.5
4.6
0.0
0.0
0.0
0.0
1.8
0.0
0.0
0.0
0.0
0.0
10.4
2.0
0.0
0.0
0.0
0.0
0.0
0.0
1.8
0.0
7.0
0.0
0.2
2.8
0.0
0.0
0.0
0.0
0.0
0.0
0.0
0.0
0.0
0.0
0.0
0.0
0.0
0.0
0.0
0.0
0.0
0.0
0.0
0.0
5.4
3.0
0.2
1.0
4.0
10.2
3.0
6.1
0.6
0.0
0.0
0.0
2.8
3.2
4.6
4.4
12.8
0.4
0.0
0.0
0.0
0.0
0.0
0.0
0.3
1.2
0.0
0.0
8.2
1.2
1.8
3.2
3.8
13.2
0.0
0.0
0.0
0.6
0.6
3.0
2.2
9.2
1.2
6.0
0.8
0.0
0.0
0.0
0.0
0.0
0.6
0.0
0.0
10.4
5.8
0.7
0.0
0.2
7.8
3.0
0.6
9.4
9.0
0.8
0.0
2.2
1.4
6.4
1.8
3.6
21.6
10.2
7.0
0.0
0.0
0.4
0.0
4.0
0.1
0.0
1.6
0.0
0.0
1.4
0.2
0.0
0.0
6.9
3.8
0.2
0.1
0.4
9.4
20.0
3.6
1.4
12.6
8.6
1.0
8.2
1.2
9.8
8.8
0.0
0.0
5.5
4.3
0.1
0.2
2.2
1.2
0.1
5.0
0.0
0.0
0.0
0.0
0.0
18.4
5.8
1.6
3.2
15.0
13.2
0.0
6.0
0.4
0.0
0.0
0.0
0.0
1.8
8.8
0.0
0.0
0.0
1.4
0.0
0.0
0.0
0.0
0.0
0.0
0.0
0.0
1.2
0.0
0.0
0.0
0.0
0.0
0.0
0.0
0.0
0.0
2.8
0.4
0.0
0.0
0.0
0.0
0.0
0.0
0.0
0.0
0.0
0.0
0.0
0.0
0.0
0.0
0.0
1.4
0.0
1.2
0.0
0.0
0.0
0.0
3.8
1.6
0.0
0.0
0.0
0.0
0.0
0.0
0.0
0.0
0.0
0.0
0.0
0.0
0.0
0.0
0.0
0.0
0.0
0.0
0.0
0.0
0.0
0.0
0.0
0.0
0.0
0.0
0.0
0.0
0.0
0.0
0.0
0.0
0.0
0.0
0.0
0.0
0.0
0.0
0.0
0.0
0.0
0.0
0.0
0.0
0.0
0.0
0.0
0.0
0.0
0.0
0.0
0.0
0.0
0.0
0.0
0.0
0.0
0.0
0.0
0.0
0.0
0.0
0.2
0.0
0.0
0.0
0.0
0.0
1.8
0.0
0.2
0.0
0.0
0.0
0.0
0.0
2.4
5.0
0.0
0.0
0.0
0.0
0.0
0.1
0.0
0.0
0.0
0.0
0.0
0.0
0.0
0.0
0.0
0.0
0.0
0.0
0.0
0.0
0.0
0.0
0.0
0.0
0.0
0.0
0.0
0.0
0.0
0.0
0.0
0.0
0.0
0.0
0.0
0.0
0.0
0.0
0.0
0.0
0.0
0.0
0.0
0.0
0.0
0.0
0.0
0.0
2.0
0.0
1.6
3.4
0.0
0.0
0.0
0.0
0.0
0.0
0.0
0.0
0.0
0.0
0.0
0.0
0.0
0.0
0.0
0.0
0.0
0.0
0.0
0.0
0.0
0.0
0.0
0.0
0.0
0.0
0.0
0.0
0.0
2.4
0.0
0.0
0.0
5.6
3.8
0.0
0.0
0.0
0.0
0.0
0.0
0.0
0.0
0.0
0.0
4.2
2.4
0.0
0.0
3.4
0.0
0.0
0.0
0.0
0.0
0.0
0.0
0.0
0.0
0.0
0.0
0.0
0.0
0.6
0.0
0.0
0.0
0.4
0.0
0.0
0.0
0.0
0.0
0.0
0.0
0.7
0.0
0.0
0.0
0.0
0.0
0.0
1.8
0.0
0.0
1.0
5.0
1.9
1.0
11.2
10.6
1.0
4.0
0.0
5.2
16.2
14.8
1.8
8.2
4.0
1.8
0.2
7.4
3.1
5.0
1.4
16.4
1.9
2.6
16.8
2.0
7.4
6.0
11.2
10.2
1.8
0.0
0.0
4.6
6.8
7.6
0.0
10.6
0.0
0.0
2.2
1.0
2.6
0.0
10.6
0.0
1.4
7.4
8.2
18.0
11.8
12.0
22.4
5.0
10.6
0.0
0.0
2.6
2.2
4.4
0.0
0.4
0.0
0.0
0.4
0.0
0.0
0.0
1.4
0.0
0.0
0.0
0.0
0.0
0.0
2.6
0.0
0.4
0.2
0.0
6.8
3.6
0.4
0.2
0.0
0.6
16.4
0.0
2.2
2.4
0.0
0.0
0.0
0.0
10.0
0.2
16.0
0.0
0.0
0.0
3.0
4.8
12.6
0.0
0.0
3.2
0.4
0.8
0.8
1.0
3.0
0.0
0.0
0.0
0.0
0.0
0.0
0.0
0.0
0.2
5.4
0.0
0.0
0.0
0.0
0.0
0.0
0.0
1.4
0.0
0.0
0.0
0.0
0.0
0.0
0.0
0.0
0.0
0.0
0.0
0.0
0.0
0.0
0.0
0.0
0.0
0.0
0.0
0.0
0.0
0.0
0.0
0.0
0.0
0.0
0.0
0.0
0.0
0.0
0.0
0.0
0.0
0.0
0.0
0.0
0.0
0.0
0.0
0.0
0.0
0.0
0.0
0.0
0.0
0.0
0.0
0.0
0.0
0.0
0.0
0.0
0.0
0.0
0.0
0.0
0.0
0.0
0.0
0.0
0.0
0.0
0.0
0.0
0.8
0.0
5.4
8.8
9.4
1.2
1.4
0.0
0.0
0.0
0.0
0.0
0.0
0.0
0.0
0.0
0.0
0.0
0.0
0.0
0.0
0.0
0.0
0.0
0.0
0.0
0.0
0.0
0.0
0.0
0.0
0.0
0.0
0.0
0.0
0.0
0.0
0.0
0.0
0.0
0.0
1.7
2.5
7.2
0.8
0.0
0.0
0.0
0.0
0.6
11.2
3.8
0.0
1.8
3.7
14.4
14.2
0.0
0.0
0.0
0.0
0.2
0.0
0.0
0.0
0.5
0.0
0.0
0.0
0.0
0.0
0.2
0.4
0.0
0.0
0.0
0.0
0.0
0.0
0.0
0.0
0.0
0.0
0.0
0.0
0.0
0.0
1.2
0.0
7.6
2.2
0.0
0.0
0.0
0.0
0.0
0.0
0.0
0.0
0.0
0.0
0.0
0.0
0.0
0.0
0.0
0.0
0.0
0.0
0.0
0.0
0.0
0.0
0.0
0.0
0.0
0.0
0.0
0.0
0.0
0.0
0.0
0.0
0.0
0.0
0.0
0.0
0.0
0.0
0.0
0.0
0.0
0.0
0.0
0.0
0.0
0.0
0.0
0.0
0.0
0.0
0.0
0.0
0.0
0.0
0.0
0.0
0.0
0.0
0.0
0.0
0.0
0.0
0.0
0.0
0.0
0.0
0.0
0.8
0.0
0.0
0.0
0.0
1.2
0.6
0.0
0.6
6.0
2.8
4.6
0.2
0.0
6.3
0.0
3.2
0.0
0.0
0.0
0.0
0.0
0.0
0.0
0.0
0.2
11.4
4.0
1.6
12.8
1.8
0.0
0.0
4.2
1.0
1.0
14.2
5.6
11.4
3.4
8.6
0.0
0.0
0.6
3.4
2.2
13.8
10.8
0.0
0.0
0.0
0.0
0.0
0.0
3.2
0.0
0.6
0.4
8.6
12.6
3.2
0.0
0.0
10.0
1.0
0.0
6.6
8.0
20.0
37.0
11.2
0.4
4.1
0.2
10.0
10.6
9.0
16.6
5.2
7.4
6.0
3.8
0.0
2.4
2.2
0.0
0.0
0.0
0.0
4.6
0.0
0.0
0.0
0.0
0.2
0.0
0.4
0.0
1.0
0.2
0.4
0.0
0.0
0.6
0.0
0.0
0.0
0.0
9.6
7.8
0.0
0.0
0.0
0.0
1.4
0.2
13.6
0.0
0.6
0.6
0.0
2.2
0.0
0.0
1.0
0.8
4.2
0.0
0.0
15.4
0.6
0.0
18.4
0.0
0.0
0.0
0.0
0.0
0.0
0.0
0.0
0.0
0.0
0.0
0.0
0.0
0.0
0.0
0.0
0.0
0.0
0.0
0.0
0.0
0.0
0.0
0.0
0.0
0.0
0.0
0.0
0.0
0.0
0.0
0.0
0.0
0.0
0.0
0.0
0.0
0.0
0.0
0.0
0.0
0.0
0.0
0.0
0.0
0.0
0.0
0.0
0.0
0.0
0.0
0.0
0.0
0.0
0.0
0.0
0.0
0.0
0.0
0.0
0.0
0.0
0.0
0.0
0.0
0.0
0.0
0.0
0.0
0.0
0.0
0.0
0.0
0.0
0.0
0.0
0.0
0.0
0.0
0.0
0.0
0.0
0.0
0.0
0.0
0.0
0.0
0.0
0.0
0.0
0.0
0.0
0.0
0.0
0.0
0.0
0.0
0.0
0.0
0.0
0.0
0.0
0.0
0.0
0.0
0.0
0.0
0.0
0.0
0.0
0.0
0.0
0.0
0.0
0.0
0.0
0.0
0.0
0.0
0.0
0.0
0.0
0.0
0.0
0.0
0.0
0.0
0.0
0.0
0.0
0.0
0.0
0.0
0.0
0.0
0.0
0.0
0.0
0.0
0.0
0.0
0.0
0.0
0.0
0.1
0.0
0.0
0.0
0.0
5.8
12.0
0.0
0.0
0.0
0.0
0.3
0.0
0.0
0.0
0.0
0.0
0.0
0.0
0.0
0.0
0.0
0.0
0.0
0.0
0.0
0.0
0.0
0.0
0.6
0.0
3.8
1.6
0.0
0.0
0.0
0.0
0.0
0.0
0.0
0.0
0.0
0.0
0.0
0.0
0.0
0.6
0.0
0.0
0.0
0.0
0.0
0.0
0.0
0.0
0.0
0.0
0.0
0.0
0.0
1.4
2.4
6.8
0.4
0.0
0.0
0.0
0.0
0.0
4.2
0.0
0.0
1.2
0.0
0.0
0.6
0.0
0.0
1.0
0.0
0.0
0.0
0.0
0.0
0.0
0.0
4.0
11.8
0.0
0.0
0.0
0.0
0.0
0.0
18.9
2.6
24.2
0.0
2.2
0.0
0.2
1.4
4.2
2.0
0.0
3.2
0.0
0.0
19.2
5.4
8.4
7.4
9.6
16.6
11.6
5.4
1.8
10.4
14.8
25.2
1.0
0.0
0.0
0.0
0.0
0.0
3.8
6.6
29.4
21.6
34.0
23.6
2.6
8.4
0.0
6.0
2.8
2.4
3.8
14.6
13.8
9.0
5.0
5.6
15.0
1.5
8.8
8.0
0.4
0.0
1.6
1.0
19.2
8.0
30.2
15.0
2.4
10.5
0.0
0.0
0.0
0.0
0.0
0.0
0.0
0.0
0.0
1.2
6.2
8.8
2.0
2.8
0.0
0.2
0.6
0.8
8.8
0.0
8.8
0.2
1.2
0.0
0.0
0.0
13.0
0.6
1.6
0.0
0.4
13.6
0.0
0.0
2.2
4.0
1.6
2.6
5.6
0.2
10.0
6.8
4.4
0.0
4.7
4.6
1.2
12.6
1.6
0.0
1.0
0.0
1.4
1.5
0.0
0.0
0.0
2.6
0.0
0.0
0.0
0.4
0.6
10.2
0.0
0.0
0.0
0.0
0.0
0.0
0.0
0.0
0.0
0.0
0.0
0.0
0.0
7.6
4.4
5.8
1.2
0.0
0.0
0.0
0.0
0.0
0.0
0.0
0.0
0.0
0.0
0.0
0.0
0.0
0.0
0.0
0.0
0.0
0.0
0.0
0.0
0.0
0.0
0.0
0.0
0.0
0.0
0.0
0.0
0.2
0.0
0.0
0.0
0.0
0.0
0.0
0.0
0.0
0.0
0.0
0.0
0.0
0.0
0.0
0.0
0.0
0.0
0.0
0.0
0.0
0.0
0.0
0.0
0.0
0.0
0.0
0.0
0.0
0.0
0.0
0.0
0.0
0.0
0.0
0.0
0.0
0.0
0.0
0.0
0.0
0.0
0.0
0.0
0.0
0.0
0.0
0.0
0.0
0.0
0.0
0.0
0.0
0.0
0.0
0.0
0.0
0.0
0.0
0.0
0.0
0.0
0.0
0.0
0.0
0.0
0.0
0.0
0.0
0.0
0.0
0.0
0.0
0.4
0.0
0.0
0.0
0.0
0.0
0.0
0.0
0.0
0.0
0.0
0.0
0.0
0.0
0.0
0.0
0.0
0.0
0.0
0.0
0.0
0.0
0.0
0.0
0.0
0.0
0.0
0.0
0.0
0.0
0.0
0.0
0.0
0.0
0.0
0.0
0.0
0.4
0.0
0.0
0.0
0.0
0.0
1.6
1.4
0.4
1.2
0.0
0.0
0.0
0.0
0.0
0.0
0.0
0.0
0.0
0.0
0.0
0.0
0.0
0.0
0.0
0.0
0.0
0.0
0.0
0.0
0.0
3.0
16.1
0.0
1.0
0.0
0.0
7.0
0.0
0.4
0.2
1.6
8.4
0.0
0.0
1.6
9.4
0.0
0.0
24.8
0.8
0.0
3.4
9.4
0.0
0.0
0.0
3.6
0.0
0.0
0.0
0.0
0.0
0.2
0.0
0.0
0.0
3.6
0.0
0.0
0.0
0.0
0.4
1.6
0.0
0.0
0.0
0.0
10.6
0.0
0.0
0.0
0.0
0.0
0.0
0.0
0.0
12.8
3.4
0.6
20.8
0.4
0.0
0.8
0.4
0.0
0.0
1.2
8.8
4.6
1.0
1.4
0.4
25.4