6.50
4.70
3.80
4.30
15.00
6.40
8.80
4.10
4.40
6.90
2.30
7.00
4.50
17.40
3.20
3.40
0.00
0.00
2.00
10.40
13.00
1.90
13.00
17.20
14.40
15.80
14.00
15.80
3.20
24.20
6.20
43.40
22.20
15.70
18.40
17.00
6.80
15.70
8.60
20.00
18.90
44.00
10.30
17.00
3.80
6.50
8.20
10.00
10.70
19.80
23.00
14.00
5.80
1.40
4.70
6.80
4.10
12.40
7.00
6.90
1.80
2.20
1.20
0.00
0.00
6.00
9.90
5.40
1.40
13.50
5.20
0.00
3.30
35.30
4.30
0.70
15.70
8.90
4.40
1.50
7.50
3.20
2.30
4.70
5.20
0.00
2.30
1.40
5.20
1.20
4.50
0.00
11.80
6.30
0.60
1.40
1.50
11.30
1.90
0.20
3.30
20.40
0.70
0.00
2.60
1.60
32.80
0.00
0.00
0.00
0.00
0.00
0.00
7.30
0.00
0.00
1.00
8.30
0.00
6.70
0.00
5.40
2.20
5.30
2.10
0.00
0.00
0.80
0.10
2.60
0.80
0.10
0.00
0.00
1.30
0.00
0.00
1.70
2.10
0.00
0.00
0.10
0.00
0.00
0.00
0.00
0.00
0.00
0.00
0.00
1.30
0.00
0.00
0.00
0.00
0.00
0.00
0.00
0.00
0.00
1.80
3.00
0.00
0.00
0.00
0.00
0.00
0.00
0.00
0.00
0.00
0.00
0.00
0.00
0.00
0.00
6.70
1.60
0.00
0.00
0.00
0.00
0.00
0.00
0.70
0.00
0.00
0.00
0.00
0.00
0.00
0.00
0.00
0.00
0.00
0.10
6.40
1.60
1.80
0.40
1.00
0.00
0.00
0.00
0.00
0.00
0.00
0.00
0.00
0.00
0.00
0.00
0.00
0.00
0.00
0.00
0.00
0.00
0.00
0.00
0.00
0.00
0.00
0.00
0.00
0.00
0.00
0.00
0.00
0.00
0.00
0.00
0.00
0.00
0.00
0.00
0.00
0.00
0.00
0.00
2.30
0.00
0.00
0.00
0.00
2.30
0.00
0.00
0.00
0.00
0.00
0.00
0.00
0.00
0.00
0.00
2.10
10.40
6.60
3.90
0.80
1.00
3.20
0.00
0.60
0.40
0.00
12.10
11.40
12.50
0.20
5.30
0.00
0.00
0.00
0.00
0.00
0.00
0.00
0.00
1.40
0.00
0.00
0.00
0.00
0.00
0.00
1.00
0.00
0.00
2.10
0.00
0.00
1.60
0.70
0.00
0.00
0.00
0.00
0.00
0.70
3.20
1.00
0.00
0.00
0.00
13.20
0.00
0.00
0.50
0.00
4.20
6.20
0.00
7.00
0.00
6.00
5.60
1.20
1.20
0.40
0.00
0.00
0.00
0.00
0.00
2.00
0.00
12.60
2.20
0.00
0.00
0.00
0.00
0.00
0.00
6.20
0.40
0.40
0.00
1.70
1.50
2.60
23.20
2.60
1.00
5.00
1.40
6.50
17.40
8.30
0.00
8.80
2.00
4.00
1.40
19.10
1.40
0.90
7.20
4.30
1.00
0.00
0.00
6.00
29.90
0.00
0.00
2.30
25.20
5.60
2.50
3.00
3.00
11.80
6.10
6.40
5.00
9.20
16.10
7.00
8.30
3.60
15.40
12.80
1.80
11.30
5.20
21.60
5.20
23.60
8.50
35.90
7.30
1.20
27.60
0.20
0.00
0.00
10.60
6.80
20.70
0.00
0.20
26.90
0.10
8.20
1.80
0.00
6.00
7.20
14.20
9.00
24.60
6.30
10.30
7.50
4.60
9.50
20.00
15.80
0.00
5.00
6.80
7.90
0.00
3.00
0.00
2.50
2.30
4.80
15.60
10.60
1.00
8.40
10.00
1.40
3.20
17.60
0.40
0.00
16.00
0.00
0.00
10.30
3.60
6.80
11.50
17.90
0.00
0.00
7.70
0.00
3.60
0.00
1.00
27.40
3.60
0.00
2.50
13.50
3.00
5.40
2.00
0.00
0.00
1.00
0.10
0.60
0.00
0.00
0.00
0.00
14.10
1.40
0.00
0.00
0.00
0.00
0.00
0.00
0.00
0.00
0.00
0.00
0.00
0.00
13.80
6.20
4.00
0.10
0.10
0.00
0.00
0.00
0.00
0.00
0.00
0.00
0.00
0.00
1.00
1.60
0.30
0.50
0.00
0.00
0.00
0.00
0.00
0.00
0.00
0.00
0.00
0.20
0.00
0.00
6.50
0.00
0.00
0.00
14.10
4.10
6.20
3.80
1.00
1.00
0.00
0.00
0.00
0.00
2.10
4.60
0.00
0.00
0.00
0.00
0.00
0.00
1.40
1.00
0.00
0.00
0.00
0.00
0.00
0.00
0.00
0.00
0.10
0.00
0.00
0.00
0.00
0.00
0.00
0.00
0.00
0.00
0.00
0.00
0.00
0.50
0.00
0.00
0.00
0.00
2.30
0.00
0.00
2.00
0.00
0.00
0.00
0.00
0.00
0.00
0.00
0.00
0.00
0.00
0.00
0.00
0.00
0.00
0.10
0.00
2.80
0.00
0.10
0.00
0.00
0.00
0.00
0.00
3.70
0.40
0.00
0.00
0.00
0.00
0.00
0.00
0.20
0.00
1.40
1.90
6.30
8.00
0.40
0.60
1.00
0.00
0.00
0.40
0.00
0.00
2.30
2.20
0.00
0.40
0.00
0.00
1.80
0.00
0.00
0.00
0.00
6.10
3.40
0.00
0.00
4.70
2.10
0.10
0.00
0.00
0.00
0.00
0.00
0.00
0.00
0.00
6.00
8.50
0.20
4.30
0.00
3.30
5.00
1.00
3.20
6.80
2.80
3.30
0.00
17.30
0.00
0.00
13.40
3.00
0.00
2.00
23.40
11.80
7.00
8.60
1.00
0.00
0.00
0.00
0.00
0.00
0.00
6.00
0.00
0.00
0.00
1.00
1.20
0.00
0.00
0.00
4.50
0.80
1.30
0.00
0.00
0.00
0.00
2.70
0.00
1.50
6.70
4.00
2.60
7.00
0.10
9.70
4.30
0.00
5.30
0.10
10.60
55.00
0.00
2.40
2.50
3.60
10.80
5.30
1.20
0.00
0.00
2.70
5.50
0.00
0.00
0.00
0.00
0.00
0.00
0.00
0.00
10.00
9.00
9.20
7.20
4.20
8.60
2.80
3.60
0.00
12.80
17.80
50.60
6.30
11.50
17.50
12.00
8.00
8.50
4.90
5.10
14.30
3.70
6.90
4.20
12.40
8.60
14.20
5.20
8.40
25.70
1.40
3.50
7.20
4.20
4.20
2.50
3.20
16.00
9.30
33.80
20.90
1.00
5.00
5.90
2.40
0.00
0.00
3.00
0.00
5.20
0.80
6.20
20.80
9.80
7.90
2.00
2.60
24.20
15.60
18.80
2.00
6.20
1.80
23.00
17.60
23.40
13.60
20.70
3.90
0.10
4.10
3.50
0.50
29.30
4.50
23.10
16.60
1.00
4.20
9.60
13.60
22.60
5.70
1.80
0.00
7.60
16.90
1.00
6.80
5.50
6.00
3.80
5.20
9.00
5.80
0.00
0.00
0.00
0.00
0.00
2.00
0.00
13.20
11.20
0.00
0.00
20.60
1.40
0.00
3.00
0.00
0.00
14.20
2.20
0.00
0.40
0.00
0.00
0.00
2.50
0.00
0.00
0.00
0.00
0.00
15.20
0.00
0.00
17.20
0.00
0.00
0.00
0.00
0.00
0.00
2.60
0.00
1.00
3.70
15.00
3.70
0.00
0.00
1.00
0.00
0.00
0.00
0.00
0.00
0.00
0.00
0.00
0.00
0.00
0.00
0.00
0.00
0.00
0.00
0.00
0.00
0.00
0.00
0.00
0.00
0.00
0.00
0.00
0.00
0.00
0.00
0.00
0.00
0.00
0.00
0.00
0.00
0.00
0.00
0.00
0.00
0.00
0.00
0.00
0.00
0.00
0.00
0.00
0.00
0.00
0.00
0.00
0.00
5.90
0.10
0.00
0.00
0.00
0.00
0.00
0.00
0.00
0.00
0.00
0.00
0.00
0.00
0.00
0.00
0.00
0.00
0.00
0.00
0.00
0.00
0.00
0.00
0.00
0.00
0.00
0.00
0.00
0.00
0.00
5.60
11.80
0.50
0.00
0.00
0.00
0.00
0.00
0.00
14.80
0.00
2.80
2.20
11.90
0.00
0.00
0.00
0.00
0.00
0.00
0.00
0.00
0.00
0.00
0.00
0.00
0.00
0.00
1.30
0.00
2.50
0.00
0.00
0.00
0.00
0.00
0.00
0.00
0.00
10.50
3.80
7.20
0.00
0.00
0.00
0.00
0.60
0.00
0.00
0.30
0.00
0.00
0.00
7.20
0.60
0.70
0.40
7.70
0.00
0.00
2.50
1.20
0.00
0.00
5.60
0.00
9.60
3.00
0.10
11.00
11.80
9.80
0.00
0.00
0.00
0.00
0.00
0.00
0.00
0.00
0.00
0.00
6.80
9.00
18.20
33.50
3.60
0.00
0.00
3.80
0.00
0.00
19.80
0.00
3.70
0.00
0.00
0.60
0.00
0.00
0.00
0.00
9.70
2.70
0.00
0.00
0.00
2.00
0.00
0.00
0.00
1.40
0.00
8.40
7.80
1.00
6.60
2.70
0.00
0.00
7.80
1.40
0.00
0.00
0.00
0.00
0.00
0.00
0.00
0.00
0.00
0.00
0.00
0.00
0.00
0.00
0.00
0.00
3.20
3.10
7.60
14.40
1.20
3.60
2.50
3.20
0.40
0.00
7.70
5.00
4.00
8.00
7.80
12.20
0.50
0.00
12.60
8.30
0.00
6.20
5.60
0.00
0.00
0.00
6.70
0.00
0.00
0.00
0.00
0.00
0.00
0.00
0.00
0.00
0.40
0.00
4.40
29.60
0.60
6.30
5.30
21.00
10.80
11.40
10.80
0.50
3.50
6.30
11.60
0.60
2.60
13.60
3.00
7.00
5.60
0.20
0.00
11.20
17.50
25.80
3.90
16.00
21.40
1.20
16.30
7.40
4.30
0.30
10.10
6.70
23.80
17.70
0.00
4.70
2.30
1.70
2.20
3.50
3.40
5.60
13.00
0.20
0.30
16.60
3.20
2.00
13.00
5.60
0.00
0.00
2.70
0.20
4.20
17.60
7.70
5.30
16.20
7.50
4.40
0.00
0.00
5.30
0.00
5.00
0.00
6.20
0.00
0.00
0.00
0.00
6.90
3.00
2.30
0.00
6.00
4.30
0.00
10.20
9.00
4.40
3.00
0.00
0.00
6.00
5.00
0.00
0.00
0.00
3.60
2.50
0.00
0.00
0.00
0.20
0.00
0.00
0.00
0.00
0.00
0.00
5.10
0.10
0.00
0.60
0.00
0.00
2.30
0.20
0.00
0.00
0.00
0.00
0.00
0.00
0.00
0.00
0.00
3.60
0.00
0.00
0.80
2.00
0.00
0.00
0.00
0.50
0.00
0.00
0.00
0.00
0.00
0.00
1.30
0.70
0.00
0.00
0.00
0.00
0.00
0.00
0.00
0.00
0.00
0.00
0.00
0.00
0.00
0.30
9.70
0.00
0.00
6.00
23.50
1.90
0.00
1.10
34.10
3.10
6.80
3.20
0.00
6.40
0.00
0.00
0.00
6.00
0.00
0.00
0.00
0.00
0.00
0.00
0.00
0.40
9.90
5.10
7.40
0.00
0.00
0.50
2.40
0.00
0.00
0.00
0.00
0.00
0.00
0.00
0.00
0.00
0.00
0.00
0.00
0.00
0.00
0.00
0.00
28.00
0.90
0.00
2.10
0.00
0.00
0.00
0.00
5.60
0.00
0.00
0.00
0.00
0.00
1.00
0.00
0.00
0.00
1.80
0.00
0.00
0.00
2.10
0.00
0.00
12.30
3.60
0.00
0.00
0.00
2.40
1.10
0.00
0.00
0.00
1.80
4.00
1.50
0.00
4.50
2.20
0.00
0.00
0.00
0.00
0.00
0.00
0.00
0.00
0.00
2.10
5.50
1.60
0.00
0.90
0.00
2.30
4.50
7.20
0.80
1.90
0.00
0.00
1.60
0.00
0.00
0.00
0.00
0.00
14.70
2.60
0.00
1.10
33.30
1.70
4.40
5.40
0.00
27.60
1.20
0.00
0.00
0.00
0.00
0.20
0.00
0.00
1.00
1.10
11.60
3.10
1.90
2.40
0.00
11.10
22.20
3.10
0.00
2.20
4.50
0.50
0.60
1.90
4.50
9.50
7.80
4.00
30.60
4.10
8.60
2.80
1.70
0.50
0.00
0.00
1.60
4.20
0.00
0.00
5.70
6.60
1.80
1.00
2.00
7.20
0.20
13.40
2.00
8.30
22.40
4.50
0.00
0.00
11.70
11.50
0.00
0.00
2.90
0.00
12.80
1.30
7.00
0.00
3.30
6.70
11.00
36.00
1.60
12.80
4.60
4.00
0.00
5.30
21.50
10.80
12.80
4.40
0.70
9.70
18.20
0.20
2.60
6.00
4.00
9.40
1.40
0.00
1.40
17.20
9.40
2.10
9.10
3.90
6.30
9.40
3.80
19.60
0.20
5.40
0.00
0.00
0.00
1.90
2.00
8.10
4.30
1.20
15.80
0.00
0.00
1.30
14.70
4.20
7.00
3.00
8.10
9.40
8.30
1.30
3.30
0.30
9.10
0.50
0.00
3.90
6.30
9.20
16.00
0.60
4.50
1.80
10.40
2.90
2.60
8.40
3.90
2.90
0.30
2.80
2.80
1.30
11.70
14.30
0.10
19.90
42.80
13.30
0.00
5.60
0.00
13.10
0.30
0.20
2.20
0.00
30.10
1.70
0.00
0.70
0.00
0.00
0.00
0.00
0.00
13.20
0.80
0.00
0.00
1.00
0.00
0.00
0.00
0.00
0.00
0.00
0.00
0.00
5.00
0.00
0.00
13.00
3.70
0.00
0.00
0.00
0.00
0.00
0.00
4.60
0.00
0.40
0.00
0.00
0.50
0.00
4.80
0.00
0.00
0.00
0.60
0.00
0.00
0.00
0.60
0.00
0.00
0.60
0.00
0.00
3.20
0.70
0.00
0.00
0.00
2.00
0.00
0.00
0.00
0.00
0.00
0.00
0.00
0.00
0.00
0.00
4.60
0.00
0.00
0.00
0.00
0.00
0.00
0.00
0.00
0.00
0.00
0.00
0.00
0.00
0.00
0.00
0.00
0.00
0.00
0.00
0.00
0.00
0.00
0.00
0.00
0.00
0.00
0.30
10.20
6.70
0.00
0.00
0.00
0.00
0.00
1.50
6.20
2.00
0.00
0.00
0.00
0.00
0.00
0.20
4.10
0.00
0.20
2.00
1.80
4.30
6.70
10.20
0.50
0.00
0.00
0.00
0.00
0.00
0.00
0.00
0.00
0.00
0.00
0.00
0.00
0.00
0.30
0.10
0.00
2.70
0.00
0.00
0.00
0.00
3.10
0.00
0.00
0.00
0.00
0.00
0.30
0.00
4.70
1.30
0.90
10.20
5.00
0.20
0.50
0.40
0.00
0.00
0.00
0.00
0.00
2.00
0.60
3.20
0.00
0.00
0.00
0.00
0.00
0.00
0.00
0.00
4.00
0.00
1.00
0.00
0.00
0.00
0.00
1.60
4.40
4.60
1.20
0.00
0.00
0.00
0.00
0.00
0.00
0.00
0.00
0.00
0.50
0.00
0.00
0.00
10.30
4.40
0.00
5.10
4.70
6.50
1.30
1.00
0.00
3.90
0.40
0.00
0.00
4.70
0.00
0.00
0.00
3.20
5.00
2.50
1.70
0.00
0.00
0.00
0.00
0.00
0.00
0.00
0.00
4.60
0.20
10.90
2.10
0.20
5.20
0.00
0.00
4.00
2.20
0.00
2.80
7.20
0.00
20.80
0.70
6.30
9.10
13.90
0.80
1.50
7.70
9.20
2.20
2.30
1.60
0.30
11.60
0.00
12.40
14.60
2.10
1.70
4.20
6.00
9.70
10.10
4.10
1.50
2.80
28.90
4.90
3.40
2.70
7.30
15.90
3.70
13.80
6.50
0.00
4.00
11.80
6.50
2.40
1.50
0.00
15.00
20.50
6.10
2.00
2.80
1.80
0.00
0.00
0.00
1.50
0.00
0.00
11.80
0.00
0.00
0.00
21.80
5.70
14.70
19.80
6.10
14.70
0.50
0.00
0.10
1.60
12.20
0.60
0.00
5.00
14.00
11.80
4.60
0.70
0.00
0.00
0.00
0.00
0.00
0.00
0.00
0.00
2.00
1.10
6.90
0.00
0.00
11.30
4.80
4.00
9.60
18.50
0.00
0.00
8.50
0.00
18.20
0.00
11.30
13.70
9.10
33.00
0.70
0.00
1.80
2.40
8.60
2.30
9.80
11.50
20.00
0.00
0.00
0.10
0.00
3.10
0.00
0.00
0.00
0.00
5.40
2.50
0.00
0.00
0.00
0.00
0.00
8.90
2.70
0.00
0.00
0.00
0.30
0.00
0.00
18.70
2.10
0.00
0.00
0.00
0.00
1.70
0.00
1.20
4.60
1.80
11.60
0.00
1.60
0.30
0.00
0.00
0.00
0.00
1.60
0.00
0.00
0.00
0.00
0.00
0.00
0.00
0.00
0.00
0.00
0.00
0.00
0.00
0.00
0.00
0.00
0.10
0.00
0.00
0.00
0.00
0.00
0.00
0.00
0.00
0.00
0.00
0.00
0.00
4.50
0.00
0.00
0.00
0.00
0.00
0.00
0.00
0.00
0.00
0.00
4.70
0.50
0.00
4.10
3.10
0.00
0.00
0.00
8.00
15.40
2.30
0.80
1.00
0.00
0.00
0.00
0.00
0.00
0.00
0.00
0.00
0.00
0.00
4.20
0.30
0.00
0.20
0.00
0.00
0.00
0.00
0.00
0.00
0.00
0.00
0.00
11.20
1.10
1.00
0.00
0.00
0.00
0.00
0.00
8.30
0.60
0.00
0.00
0.00
0.00
0.00
0.00
0.00
0.00
0.00
2.90
13.20
0.00
0.00
5.00
4.50
20.10
14.60
0.00
0.00
0.00
0.00
0.00
0.00
0.00
0.00
0.00
4.70
0.30
0.00
1.00
6.00
5.40
2.90
0.00
0.00
0.00
0.50
0.00
0.00
0.00
0.00
0.00
0.00
0.00
0.00
0.00
0.00
0.00
4.00
0.00
0.00
4.00
1.20
1.80
0.00
0.80
2.30
3.70
0.00
0.00
0.00
0.00
0.50
0.00
6.50
0.60
5.10
4.20
11.50
0.70
0.00
4.40
15.00
2.00
5.10
0.00
0.00
0.00
1.50
3.30
0.00
0.00
0.00
0.00
0.00
0.00
0.00
0.60
4.60
4.30
12.80
0.30
3.30
0.00
0.00
0.00
0.00
0.00
0.00
0.00
2.80
3.80
0.00
2.50
0.00
2.10
0.80
0.00
2.70
0.00
0.00
0.00
0.00
0.00
4.20
3.80
2.00
0.00
0.00
3.60
0.00
0.00
5.70
48.10
6.20
8.30
9.10
0.00
3.80
0.00
4.10
6.90
12.60
0.00
16.00
0.00
1.80
2.00
0.00
11.40
5.50
0.00
14.30
4.00
1.10
0.00
1.20
8.40
1.00
4.00
0.00
2.90
0.00
0.00
0.00
2.20
2.00
2.30
5.20
2.20
7.50
4.20
0.20
0.00
0.00
13.60
0.00
0.00
11.50
7.50
4.50
12.00
0.00
0.70
0.00
1.80
7.40
4.60
5.60
1.80
0.10
0.00
7.70
0.00
7.70
9.80
3.90
18.50
16.80
4.80
8.10
0.00
8.10
3.60
0.00
5.00
32.20
5.40
3.50
14.70
0.00
3.90
0.00
5.10
0.00
18.00
0.00
0.00
0.00
0.00
0.00
0.00
3.40
5.60
7.20
5.50
4.80
1.30
3.80
0.00
0.00
0.00
4.30
0.00
0.00
3.70
15.20
14.80
0.00
1.00
0.00
0.00
7.60
1.30
4.60
6.30
0.00
0.00
13.30
0.00
0.00
0.00
0.00
1.80
0.00
0.00
0.00
0.00
0.00
0.00
0.00
1.00
3.10
0.00
0.00
0.00
0.00
0.00
0.00
0.00
0.60
0.00
0.00
0.00
0.00
0.00
0.00
0.00
0.00
0.00
0.00
0.00
0.00
0.00
0.00
0.00
0.00
0.00
0.00
0.00
0.00
3.10
0.00
0.00
0.00
0.00
0.00
0.00
0.00
0.00
0.00
0.00
0.00
0.00
0.00
0.00
0.00
0.00
0.00
0.00
0.00
0.00
0.00
0.00
0.00
0.00
0.00
0.00
0.00
0.00
0.00
0.00
0.00
0.00
0.00
0.00
0.00
0.00
0.00
0.00
0.00
0.00
0.00
0.00
0.00
0.00
0.00
0.00
0.00
0.00
0.00
0.00
1.60
0.00
0.00
0.00
0.00
0.00
0.00
0.00
0.00
0.00
0.00
0.00
0.00
0.00
0.00
2.70
0.00
0.00
0.00
0.00
0.30
0.00
0.00
0.00
0.00
0.00
0.00
0.00
0.00
0.00
0.00
2.70
1.30
0.00
0.00
0.00
0.00
0.00
0.00
0.00
0.00
0.00
0.00
0.00
0.00
0.00
0.00
0.00
0.00
0.00
0.00
0.00
0.00
0.00
0.00
0.00
0.00
0.00
0.00
0.00
0.00
0.00
2.00
0.00
0.00
0.00
0.00
0.00
0.00
0.00
4.20
0.00
0.00
0.00
0.00
0.00
0.00
0.00
0.00
0.00
0.00
8.60
0.70
0.10
0.00
6.10
0.50
0.10
0.00
0.00
0.00
10.20
1.60
9.80
4.90
5.00
0.00
0.00
0.00
0.00
0.00
0.00
16.50
1.70
8.50
5.90
0.00
0.00
0.00
7.30
5.10
0.00
3.30
2.40
0.00
0.00
0.40
0.00
0.00
0.00
1.50
0.00
0.00
0.00
35.90
3.80
0.80
0.00
0.40
12.60
0.00
0.00
0.00
0.00
0.00
3.90
15.00
5.10
5.80
4.30
0.00
0.00
4.50
1.60
3.10
0.00
0.70
0.00
9.30
0.00
5.00
0.00
7.00
3.50
1.00
0.00
0.00
0.00
0.00
6.00
21.80
2.00
0.80
2.60
1.40
0.00
0.00
0.00
0.00
0.00
2.30
7.00
12.90
15.70
6.90
5.50
3.20
1.40
2.00
8.50
2.30
21.70
7.80
3.40
0.00
2.30
4.10
6.20
0.00
4.00
0.00
0.00
21.20
6.00
5.30
14.70
6.60
14.60
11.00
12.20
3.40
0.00
21.80
4.00
22.50
0.00
8.60
6.30
0.20
2.50
4.40
10.80
4.50
0.90
16.60
0.80
2.70
4.70
1.50
8.20
5.90
6.70
17.70
0.50
0.20
0.00
0.20
2.50
0.60
14.80
12.20
0.00
0.70
0.60
2.00
5.40
10.10
6.80
22.50
19.50
8.00
2.20
2.20
13.80
0.00
0.00
0.40
6.70
0.00
5.50
4.80
0.00
1.80
0.00
3.30
3.50
8.70
0.40
1.10
1.60
1.20
1.30
3.30
0.00
0.00
3.20
4.80
20.00
0.00
0.00
4.20
8.20
6.00
6.60
7.30
3.20
0.00
0.50
0.00
0.00
0.00
0.00
26.40
12.00
0.00
1.70
0.00
0.00
0.00
0.00
0.00
0.00
0.00
0.60
4.50
0.00
0.00
0.00
0.00
0.00
4.00
0.00
0.00
0.00
0.00
1.40
11.00
3.20
0.00
0.00
0.00
0.00
0.00
0.00
0.00
0.00
0.00
0.00
0.00
0.00
0.00
0.00
0.00
0.00
0.00
0.00
0.00
0.00
0.00
8.90
0.00
0.00
0.00
0.40
0.00
0.00
2.50
1.40
0.00
0.00
1.20
1.00
0.00
0.00
0.00
0.00
0.00
0.00
0.00
0.00
0.00
0.00
0.00
0.00
0.00
0.00
0.00
0.00
2.00
0.00
0.00
0.00
0.00
0.00
0.00
0.00
0.00
0.00
0.00
0.00
0.00
0.00
0.00
0.00
0.60
0.00
0.00
0.00
0.00
0.00
0.00
0.00
0.00
0.00
0.00
0.00
3.20
0.00
0.00
0.00
0.00
0.00
0.00
0.00
0.00
0.00
0.00
0.00
0.00
0.00
0.00
0.00
0.00
0.00
0.00
0.00
2.60
7.70
2.60
2.00
6.10
0.00
0.00
0.80
0.20
0.20
0.00
0.00
4.50
0.30
0.10
0.00
0.00
0.00
0.00
0.00
0.00
0.00
0.00
0.00
0.00
0.00
0.00
0.00
0.00
0.00
0.00
0.00
0.00
0.00
0.00
1.60
1.20
0.00
0.00
8.00
3.60
0.00
0.00
19.80
0.00
0.00
0.00
1.20
3.60
2.50
3.70
2.00
2.10
4.90
2.00
0.80
0.00
1.60
0.00
0.00
0.00
9.50
0.00
2.70
3.90
5.70
18.00
0.80
0.00
1.30
13.20
4.90
0.00
6.00
1.60
0.00
0.00
3.50
5.90
3.90
5.50
1.00
21.00
20.90
0.00
0.00
8.60
2.60
0.00
0.00
0.00
0.00
0.00
10.40
9.20
20.20
0.00
0.00
0.00
4.80
3.00
9.10
0.00
5.60
1.70
3.40
4.70
0.00
0.60
0.00
1.60
0.10
11.20
6.50
0.00
4.60
11.20
0.00
0.00
3.80
0.10
74.70
4.20
12.50
1.50
5.00
11.10
8.80
1.40
3.60
4.80
5.10
5.80
13.20
7.20
0.00
0.70
4.70