9.9
2.7
0.0
0.0
0.0
0.0
0.0
0.0
7.8
4.9
1.3
2.0
1.2
0.0
0.0
0.0
0.0
0.0
7.1
1.0
4.4
3.4
0.0
6.9
6.1
8.0
19.6
19.7
5.5
12.0
30.0
0.0
1.5
4.3
9.8
0.0
2.9
2.3
12.8
2.2
1.2
12.3
4.3
3.7
8.9
10.0
9.1
12.6
12.5
12.0
0.0
3.7
4.7
0.6
12.2
7.2
8.9
3.7
0.5
9.2
0.4
29.1
1.6
6.9
7.8
10.1
7.8
10.9
4.1
1.6
0.8
2.8
11.3
1.7
15.1
6.5
11.4
6.7
1.2
17.3
4.7
3.6
3.5
1.4
5.8
10.7
2.1
4.4
0.0
4.4
25.8
12.2
6.1
0.3
5.5
7.6
4.2
7.1
10.9
0.0
2.9
0.0
0.0
0.0
0.0
2.9
0.6
0.8
2.3
12.9
0.0
2.9
0.0
0.0
0.8
0.0
3.7
0.0
0.0
6.6
2.7
16.6
0.0
0.0
0.0
0.0
0.0
0.0
0.0
0.0
0.0
0.0
0.0
0.0
0.0
0.0
0.0
0.0
0.0
0.0
0.0
0.0
0.0
0.0
0.0
0.0
0.0
0.0
0.0
0.0
0.0
0.0
0.0
0.0
0.0
0.0
0.0
0.0
0.0
0.0
1.1
0.0
0.0
0.0
0.0
0.0
0.0
0.0
0.0
0.0
0.0
0.0
0.0
0.0
0.0
0.0
0.0
0.0
0.0
0.0
0.0
0.0
0.0
0.0
0.0
0.0
0.0
0.0
0.0
0.0
0.0
0.0
0.0
0.0
0.0
0.0
0.0
0.0
0.8
0.0
0.0
0.0
0.0
0.0
0.0
0.0
0.0
0.0
0.0
0.0
0.0
0.0
1.9
0.0
0.0
0.0
0.0
0.0
0.0
0.0
0.0
0.0
0.0
0.0
0.0
0.0
0.0
0.0
0.0
0.0
0.0
0.0
0.0
0.0
0.0
0.0
0.0
0.0
0.0
0.0
0.0
0.0
0.0
0.0
0.0
5.2
2.4
0.0
0.0
0.0
0.0
0.0
0.0
0.0
0.0
0.0
0.0
0.0
0.4
0.0
2.3
0.0
0.0
0.0
0.0
0.0
0.0
0.0
0.0
0.0
0.8
0.0
2.4
7.2
1.9
23.4
17.1
4.6
0.0
0.0
0.8
0.0
0.7
5.7
0.0
0.3
1.6
2.0
8.8
14.2
0.0
0.0
0.0
12.2
4.1
0.8
0.0
0.0
0.0
0.0
0.0
4.7
7.0
1.2
0.0
0.0
0.0
0.0
0.0
0.0
0.0
1.8
2.2
13.9
0.0
0.0
0.0
1.6
0.0
0.0
0.0
0.0
0.0
0.0
0.0
0.0
0.0
0.0
0.0
0.0
0.0
0.0
0.0
0.0
14.0
4.9
0.0
0.0
2.4
0.0
5.0
0.0
0.0
0.0
0.0
0.0
1.7
0.3
0.0
0.0
0.0
0.0
0.0
9.1
0.0
0.0
8.9
2.0
1.2
1.3
8.1
38.6
14.0
6.5
0.0
3.4
0.0
0.0
0.0
4.1
1.0
6.7
4.6
0.0
0.0
1.7
0.4
0.9
1.7
8.3
34.0
4.9
0.0
7.6
0.0
3.5
3.6
4.0
12.1
7.5
1.9
28.2
12.4
10.8
25.0
13.8
0.2
14.4
7.3
3.6
0.0
10.4
30.5
3.5
26.1
6.5
19.3
8.0
0.0
0.7
13.4
4.4
0.5
0.4
7.8
2.5
3.6
25.9
3.4
9.7
29.1
21.9
1.2
0.0
4.5
24.9
0.0
3.3
0.0
4.5
6.7
1.3
17.2
34.4
16.7
9.8
23.0
0.0
0.0
0.0
0.0
0.0
14.5
2.7
0.7
0.0
10.5
3.9
5.8
0.0
0.0
0.0
0.0
1.7
0.0
0.0
0.0
0.0
0.0
0.0
0.0
0.0
1.1
0.0
0.0
0.0
0.0
0.0
0.0
0.0
0.0
0.8
0.0
0.0
0.0
0.0
1.1
1.2
12.0
0.0
0.0
0.0
2.5
4.6
0.0
0.0
0.0
0.0
0.0
0.0
0.0
6.6
0.0
0.0
0.0
0.0
0.0
2.0
0.0
0.8
0.0
0.0
0.0
0.0
0.0
0.0
0.0
0.0
0.0
0.0
0.0
0.0
0.0
0.0
0.0
0.0
0.0
0.0
0.0
0.0
0.0
0.0
0.0
1.2
1.2
1.5
0.0
0.0
0.0
0.0
0.0
0.0
0.0
0.0
0.0
0.0
0.0
0.0
0.0
0.0
0.0
0.0
0.0
0.0
0.0
0.0
0.0
0.0
0.0
0.0
0.0
0.0
0.0
0.0
0.4
0.0
0.0
0.0
0.0
0.0
0.0
0.0
0.0
0.0
0.0
0.0
0.0
0.0
0.0
0.0
0.0
0.0
0.0
0.0
0.0
0.0
0.0
0.0
0.0
0.0
0.0
0.0
0.0
0.0
0.0
0.0
0.0
0.0
0.0
6.5
0.3
0.0
0.0
0.0
0.0
0.0
0.0
0.0
0.9
0.0
0.0
0.0
0.0
0.0
0.0
0.0
0.0
0.0
0.0
0.0
0.0
0.0
0.0
0.0
0.0
0.0
0.0
0.0
0.0
0.0
0.0
0.0
0.0
0.0
0.0
4.4
0.0
0.0
0.0
0.7
0.0
0.0
0.0
0.0
0.0
0.0
0.0
0.0
0.0
0.0
0.0
0.0
0.0
0.0
0.0
0.0
24.7
3.7
18.4
3.0
0.0
6.1
6.3
3.6
0.0
0.0
3.8
0.7
7.9
7.7
0.4
0.0
0.0
0.2
1.1
2.1
0.0
0.0
0.0
0.0
0.0
0.0
0.0
0.0
0.0
0.0
0.0
0.0
0.0
0.0
0.0
0.0
0.0
0.0
0.0
0.0
0.0
0.0
0.0
0.0
0.0
0.0
0.0
3.3
0.4
0.2
0.0
1.0
0.0
5.0
0.6
0.0
0.0
2.3
0.6
1.2
7.7
4.9
16.2
4.7
0.0
0.0
0.0
0.0
0.0
4.0
0.0
1.2
0.0
0.8
2.1
6.4
0.4
8.0
5.2
2.4
1.0
7.2
19.0
11.5
28.7
0.0
7.5
19.9
8.7
5.1
23.2
11.6
4.2
2.1
12.3
11.1
12.9
3.7
9.4
2.3
3.8
8.6
27.2
7.8
4.7
21.3
8.3
28.9
7.0
4.1
12.9
0.6
5.7
1.7
19.2
3.2
2.9
7.8
0.2
0.4
0.0
0.0
0.0
0.0
0.0
4.3
19.5
2.9
28.6
16.3
3.2
12.4
7.0
22.7
49.9
3.7
6.2
10.7
19.7
6.1
7.1
7.9
5.7
2.9
1.6
13.5
1.5
3.6
3.9
9.6
0.4
5.0
17.4
1.3
8.3
0.0
2.5
0.6
16.8
7.0
0.4
7.3
1.1
8.8
4.5
0.0
2.5
1.0
17.7
3.4
6.2
0.3
0.3
1.7
1.1
0.0
0.4
0.0
2.1
23.6
5.4
10.5
0.0
4.2
29.6
0.2
0.0
1.2
0.0
0.0
0.0
0.0
0.0
0.0
0.0
0.0
0.0
0.0
0.0
0.0
4.0
0.0
0.0
0.0
0.0
0.0
0.0
0.0
0.0
3.7
0.0
0.0
0.0
0.0
0.0
0.0
0.0
14.2
1.6
0.0
0.0
0.0
0.0
0.0
0.0
0.0
0.0
0.0
0.0
0.0
0.0
0.0
0.0
0.0
0.0
0.0
0.0
0.0
0.0
0.0
0.0
0.0
0.0
0.0
0.0
0.0
0.0
0.0
0.0
0.0
0.0
0.0
0.0
0.0
0.0
0.0
0.0
2.9
0.0
0.0
0.0
0.0
0.0
0.0
0.0
0.0
0.0
0.0
0.0
0.0
3.7
0.0
0.0
0.0
0.0
0.0
0.0
0.0
0.0
0.0
0.0
0.0
0.0
0.0
0.0
0.0
0.0
0.0
0.0
0.0
0.0
0.0
0.0
0.0
0.0
0.0
0.0
0.0
0.0
0.0
0.0
0.0
0.0
0.0
0.0
0.0
0.0
0.0
0.0
0.0
0.0
1.8
2.2
4.9
0.0
7.2
0.0
0.0
0.0
0.0
0.0
0.0
0.0
0.0
0.0
0.0
0.0
0.0
0.0
0.0
0.0
0.0
5.7
0.0
0.0
0.0
0.6
0.0
0.8
2.2
0.0
0.0
0.0
0.0
0.0
4.8
0.0
0.0
0.0
0.0
0.0
0.0
0.0
0.0
0.0
0.0
0.0
0.0
0.0
0.0
3.2
0.7
0.8
5.5
0.0
0.0
0.0
0.0
0.0
1.5
0.0
0.0
0.0
2.3
0.0
0.0
0.0
0.0
0.0
0.0
1.1
0.0
0.0
0.5
0.0
0.0
0.0
3.6
20.5
12.1
0.0
0.0
0.0
0.0
0.0
0.0
3.5
0.0
0.0
0.0
0.0
0.0
0.0
0.0
0.0
0.0
0.0
0.0
0.0
0.0
0.0
0.0
0.0
0.0
0.0
0.0
0.9
1.0
0.0
0.0
0.6
0.0
0.0
0.0
4.4
2.4
3.0
0.0
0.0
0.0
0.0
0.0
0.5
10.6
20.0
3.8
2.3
0.0
0.0
0.0
0.8
0.4
1.9
4.7
0.0
0.0
9.6
3.1
0.0
0.0
0.0
9.2
8.3
0.0
0.0
0.0
0.0
0.0
4.0
0.0
0.0
0.0
0.0
0.0
16.6
0.6
17.2
11.8
1.4
9.5
5.5
1.1
40.5
1.6
2.8
0.4
0.0
15.6
0.0
6.2
0.3
0.0
8.9
5.5
4.5
8.2
8.6
6.6
4.0
6.1
24.7
2.3
5.2
13.2
17.3
11.6
14.0
2.6
47.9
0.0
9.2
2.6
0.0
17.2
0.0
6.6
3.9
2.3
7.7
8.6
4.4
2.9
7.2
0.5
0.0
2.3
11.2
0.6
8.0
9.4
1.3
8.8
3.3
3.0
4.9
0.4
0.8
0.0
2.0
9.0
0.0
0.0
4.4
0.0
0.0
0.0
0.0
0.0
4.4
13.6
1.7
0.0
0.3
0.0
16.1
8.0
0.2
0.0
0.2
0.0
12.2
1.1
0.9
0.0
3.4
1.2
0.5
4.1
0.0
2.7
17.0
2.7
0.0
0.0
2.9
0.0
0.0
0.0
0.0
0.0
0.0
0.0
5.7
4.6
0.0
0.0
0.0
0.0
3.4
0.0
0.0
2.5
0.0
0.0
0.0
0.0
0.0
0.0
0.0
0.0
0.0
0.0
0.8
0.0
0.0
0.0
0.0
0.0
0.0
0.0
0.0
0.0
0.0
0.0
0.0
0.0
0.0
0.0
0.0
0.0
0.0
0.0
0.0
0.0
0.0
0.0
0.0
0.0
0.0
0.0
0.0
0.0
0.0
0.0
0.0
0.0
0.0
1.1
0.0
0.9
0.0
0.0
0.0
0.0
0.0
0.0
0.0
0.0
0.0
12.3
13.8
0.0
1.3
0.0
0.0
0.0
0.0
0.0
0.0
0.0
0.0
0.0
0.0
0.0
0.0
0.0
0.0
0.0
0.0
0.0
0.0
0.0
0.0
0.0
0.0
0.0
0.0
2.1
0.0
0.0
0.0
0.0
2.2
0.0
0.0
0.0
0.0
0.0
0.0
0.0
0.0
0.0
0.0
0.0
0.0
0.0
0.0
0.0
0.0
0.0
0.0
0.0
0.0
1.5
2.7
0.0
4.3
0.0
0.0
0.0
0.0
0.0
0.9
0.0
0.0
0.0
0.0
0.0
0.0
0.0
0.0
0.7
0.0
0.0
0.0
0.0
0.0
0.0
0.0
0.0
0.0
0.0
0.0
6.5
5.3
0.0
1.6
12.3
2.0
0.0
7.4
2.8
1.0
6.9
3.3
0.0
0.0
1.9
0.0
0.0
0.0
4.0
0.0
3.1
6.0
0.0
0.0
3.9
1.2
1.5
0.0
0.0
0.0
6.1
4.9
4.2
0.0
0.0
0.0
0.0
0.0
0.0
0.0
0.0
0.0
0.0
3.4
0.0
6.1
8.4
6.3
0.0
6.8
3.6
4.4
1.2
16.0
10.8
5.7
7.5
0.0
0.0
0.0
3.6
18.9
30.8
3.7
21.2
0.0
0.0
0.0
0.0
0.0
0.0
0.0
0.7
0.0
0.0
0.0
0.0
26.3
9.8
9.2
1.7
5.9
9.1
0.0
6.1
0.0
7.1
1.2
0.0
11.8
7.0
0.0
6.5
5.2
0.0
0.0
0.0
5.6
0.0
0.0
0.0
36.4
2.1
11.3
3.8
0.0
9.7
1.0
14.8
24.8
16.5
7.4
0.0
2.5
4.5
6.6
9.1
11.1
4.8
0.0
26.8
1.1
10.6
0.0
0.0
2.6
10.2
1.8
1.7
0.0
0.0
5.2
9.4
15.5
4.9
0.0
0.0
0.0
0.5
2.1
31.4
14.2
19.9
15.9
7.4
18.9
17.4
7.5
7.4
0.9
0.0
4.7
11.0
11.5
11.3
11.3
13.6
0.0
1.7
1.2
0.0
0.0
0.4
2.5
0.0
0.0
5.8
35.2
2.0
16.4
3.8
4.6
0.0
13.4
9.9
1.3
0.0
0.0
10.8
0.0
19.6
9.4
0.4
7.2
2.4
2.5
0.7
0.0
0.0
0.0
0.0
2.0
0.0
3.1
0.0
1.8
0.2
0.0
0.0
0.0
0.0
0.0
0.0
1.0
0.0
0.0
0.0
0.0
0.0
0.0
0.0
0.0
0.0
0.0
0.0
0.0
0.0
0.0
0.0
0.0
0.0
0.0
0.0
0.0
0.0
0.0
0.0
0.0
5.6
2.2
0.5
0.0
0.0
0.0
0.0
0.0
0.0
0.0
0.0
0.0
0.0
0.0
0.0
0.0
0.0
0.0
0.0
0.0
0.0
0.0
0.0
0.0
0.0
0.0
0.0
0.0
0.0
0.0
0.0
0.0
0.0
2.8
0.0
0.0
0.0
0.0
0.0
0.0
0.0
0.0
0.0
0.0
0.0
0.0
0.0
0.0
0.0
0.0
0.0
0.0
0.0
0.0
0.0
0.0
0.0
0.0
0.0
0.0
0.0
0.0
0.0
0.0
0.0
0.0
0.0
0.0
0.0
0.0
0.0
0.0
0.0
0.0
0.0
0.0
0.0
0.0
0.0
0.0
0.0
0.0
0.0
0.0
0.0
0.0
0.0
0.0
0.0
0.0
0.0
0.0
0.0
0.0
0.0
0.0
0.0
0.0
0.0
0.0
0.0
0.0
0.0
0.0
0.0
0.0
0.0
0.0
0.0
0.0
0.0
0.0
0.0
0.0
0.0
0.0
0.0
7.9
0.0
6.8
3.9
0.0
0.0
0.0
0.0
0.0
0.0
0.0
0.0
6.9
0.0
0.0
0.0
0.0
0.0
0.0
0.0
0.0
14.0
0.0
0.0
0.0
0.0
0.0
0.0
0.0
0.0
0.0
0.0
0.0
0.0
0.0
0.0
0.0
0.0
0.0
0.0
0.0
0.0
0.0
0.0
0.0
0.0
0.0
2.0
3.3
3.4
0.0
0.0
0.0
0.0
0.0
0.0
0.0
0.0
0.0
0.0
1.6
1.3
2.2
0.0
0.0
0.0
0.0
0.0
0.0
0.0
0.0
0.0
0.0
0.0
0.0
0.0
0.0
7.6
0.0
0.0
1.4
0.0
0.0
0.0
0.0
0.0
0.6
0.0
0.0
0.2
0.0
0.0
14.5
0.0
0.0
0.0
0.0
4.4
7.6
16.1
0.0
5.1
2.0
22.6
14.7
4.3
23.3
0.0
0.0
10.2
28.6
1.4
10.5
13.3
23.3
3.4
1.2
10.2
6.8
6.8
1.3
0.8
9.8
28.3
2.4
1.7
21.3
9.2
11.8
1.8
5.1
6.5
4.4
13.1
16.9
3.8
4.9
2.0
5.8
0.4
0.0
0.0
0.0
0.0
0.0
7.0
40.0
0.8
7.8
12.5
7.8
14.3
16.2
13.8
0.8
3.5
8.6
5.2
3.7
3.7
0.0
5.8
11.3
0.0
0.0
0.0
0.0
0.0
0.0
0.0
0.0
0.0
0.0
0.0
8.2
0.0
0.0
1.8
0.0
0.3
0.9
5.3
0.3
0.0
0.0
0.3
0.0
0.0
0.0
0.0
0.0
0.0
13.9
6.5
9.8
5.3
0.0
0.0
0.4
0.8
0.0
1.7
0.3
16.6
11.4
13.9
2.2
0.0
0.0
9.4
0.0
0.0
0.8
0.0
0.0
0.0
0.0
2.0
0.0
9.0
0.0
0.0
0.0
0.0
0.0
0.0
3.1
6.9
0.0
0.0
0.0
0.0
0.0
0.0
0.0
0.0
0.0
0.0
0.0
0.0
0.0
0.0
0.0
0.0
0.0
0.0
0.0
0.0
0.0
0.0
0.0
0.0
0.0
0.0
0.0
0.0
0.0
0.0
0.0
0.0
0.0
0.0
0.0
0.0
0.0
0.0
0.0
0.0
0.0
0.0
0.0
0.0
0.0
0.0
0.0
0.3
0.0
0.0
0.0
0.0
0.0
0.0
0.0
0.0
0.0
0.0
0.3
0.0
0.0
0.0
0.0
0.0
0.0
0.0
3.7
5.4
1.2
0.5
0.0
0.0
0.0
0.0
0.0
0.0
0.0
0.0
0.0
0.0
0.0
0.0
0.9
0.0
0.0
0.0
0.0
0.0
0.0
0.0
0.0
0.0
0.0
0.0
0.0
0.0
0.0
0.0
0.0
0.0
0.0
0.0
0.0
0.0
0.0
0.0
0.0
0.0
0.0
0.0
0.0
0.0
0.0
0.0
0.0
0.0
0.0
0.0
0.0
2.8
4.9
0.0
0.0
0.0
0.0
0.0
2.9
2.6
0.0
0.0
0.0
0.0
0.0
0.0
0.0
15.0
5.1
2.6
0.0
0.0
0.0
0.0
0.0
0.0
0.0
0.0
0.0
0.0
0.0
0.0
0.0
0.0
2.2
1.4
0.0
0.0
0.3
0.0
0.0
0.0
0.0
5.4
0.0
0.0
0.9
0.0
0.3
0.0
0.0
0.0
0.0
0.0
0.0
0.0
0.0
0.0
0.0
0.0
0.0
0.0
0.0
0.0
0.0
0.0
0.0
0.0
0.0
0.0
8.1
3.8
7.4
0.0
1.1
2.2
9.3
5.2
0.0
0.0
0.0
0.0
0.0
0.0
0.0
0.0
0.0
0.0
0.0
0.0
0.0
0.0
0.0
0.0
0.0
0.0
0.0
0.0
0.0
1.8
1.5
0.3
0.9
3.4
0.0
3.9
0.4
0.0
0.0
3.7
3.8
0.0
2.7
4.6
10.2
3.7
7.1
0.9
5.0
1.1
0.0
0.0
0.0
1.8
0.3
0.0
0.4
0.7
7.2
8.6
26.0
5.4
1.6
1.7
1.1
0.0
0.0
0.0
0.0
0.0
12.5
20.6
17.3
0.5
6.5
0.0
0.0
0.6
10.4
5.5
19.9
7.9
0.0
0.0
0.0
0.0
0.0
0.6
0.0
1.0
0.9
1.2
1.7
16.3
17.9
5.2
1.7
0.0
8.8
11.4
30.6
3.4
11.1
21.9
29.7
0.0
16.3
5.3
21.3
1.0
8.6
26.3
15.8
9.7
3.3
0.0
0.6
0.0
1.3
0.0
0.0
1.4
0.4
0.0
0.0
0.0
0.0
8.5
5.7
0.0
0.0
6.5
0.0
15.2
10.8
0.0
0.0
0.0
0.5
0.3
5.4
2.2
6.7
2.1
1.2
0.0
0.0
2.0
2.5
8.5
15.6
2.2
2.1
1.2
0.8
19.4
9.3
0.0
0.0
2.2
0.0
0.0
5.0
4.9
8.1
0.0
6.9
0.0
0.0
0.0
0.0
0.0
0.0
0.0
0.0
0.3
0.0
0.0
0.0
0.0
0.0
0.0
0.0
0.0
0.0
0.0
0.0
0.0
0.0
0.0
0.0
0.0
0.0
0.0
0.0
0.0
0.0
0.0
0.0
0.0
0.0
0.0
0.0
0.0
0.0
0.0
0.0
0.0
0.0
0.0
0.0
0.0
0.0
0.0
0.0
0.0
0.0
0.0
0.0
0.0
0.0
0.0
0.0
0.0
0.0
0.0
0.0
0.0
0.0
0.0
0.0
0.0
0.0
0.0
0.0
0.0
0.0
0.0
0.0
0.0
0.0
0.0
0.0
0.0
0.0
0.0
0.0
0.0
0.0
0.0
0.0
0.0
0.0
0.0
0.0
0.0
0.0
0.0
0.0
0.0
0.0
0.0
0.0
0.0
0.0
0.0
0.0
0.0
0.0
0.0
0.0
0.0
0.0
0.0
0.0
0.0
0.0
0.0
0.0
0.0
0.6
0.0
0.0
0.0
0.0
0.0
0.0
0.0
0.0
0.0
0.0
0.0
0.0
0.0
0.0
0.0
0.0
0.0
0.0
0.0
0.0
0.0
0.0
0.0
0.0
0.0
0.0
0.0
0.0
0.0
0.0
0.0
0.0
0.0
0.0
0.6
0.0
0.0
20.6
0.0
0.2
0.0
0.0
0.0
0.0
0.0
0.0
0.0
0.0
0.0
0.0
0.0
0.0
0.0
0.0
0.0
0.0
0.0
0.0
0.0
0.0
0.0
7.4
9.0
0.0
0.0
0.0
0.0
0.0
0.0
0.0
0.0
0.0
0.0
0.0
0.0
0.0
0.0
0.0
0.0
0.0
0.0
0.0
0.0
0.0
1.3
0.0
0.0
0.0
0.0
0.0
43.3
15.1
4.1
28.0
0.8
0.0
0.0
0.0
2.4
0.0
0.0
0.0
0.0
0.0
1.7
5.9
0.0
0.0
0.0
0.0
0.0
0.0
0.0
0.0
0.0
0.0
13.5
6.8
0.0
0.0
0.0
0.0
0.0
0.0
0.6
13.0
0.0
0.0
4.9
11.1
7.0
0.0
3.9
0.0
0.0
0.0
0.0
0.0
9.2
16.9
4.3
2.8
13.0
20.1
7.5
1.5
8.0
1.6
10.7
14.9
0.0
0.0
0.0
0.0
3.6
0.0
9.2
5.7
10.9
1.7
9.4
17.7
4.5
11.5
0.0
0.7
1.3
4.1
6.9
9.7
2.9
10.7
12.6
5.2
12.6
2.6
0.7
5.8
0.0
2.4
11.8
0.0
6.5
12.3
19.9
18.1
0.7
30.4
9.3
0.0
0.0
0.0
0.0
0.0
1.7
1.3
0.0
0.0
0.0
1.2
0.2
6.9
18.5
1.4
16.6
7.5
16.2
0.0
0.0
6.1
0.0
0.0
0.0
0.0
0.0
0.0
0.0
0.0
0.0
0.9
0.6
6.2
0.0
12.9
12.1
11.1
10.6
9.4
4.6
5.6
3.3
4.4
3.7
30.2
14.8
0.0
33.1
0.0
0.0
5.5
0.0
3.2
0.0
0.0
0.0
0.0
0.0
0.0
2.0
7.4
2.8
2.4
0.0
0.0
0.0
0.0
0.0
0.0
0.0
0.0
0.0
0.0
0.0
0.0
8.9
0.0
0.0
0.0
0.0
1.8
0.0
0.0
0.0
0.0
0.0
0.0
0.0
0.0
0.0
0.0
0.0
0.0
0.0
0.0
0.0
0.0
0.0
0.0
0.0
0.0
0.0
0.0
0.0
0.0
0.0
0.0
0.0
0.0
0.0
0.0
0.0
0.0
0.0
0.0
0.0
0.0
0.0
0.0
0.0
0.0
0.0
0.0
0.0
0.0
0.0
0.0
0.0
0.0
0.0
0.0
0.0
0.0
0.0
0.0
0.0
0.0
0.0
0.0
0.0
0.0
0.0
0.0
0.0
0.0
0.0
0.0
0.0
0.0
0.0
0.0
0.0
0.0
0.0
0.0
0.0
0.0
0.0
0.0
0.0
0.0
0.0
0.0
0.0
0.0
0.0
0.0
0.0
0.0
0.0
0.0
0.0
0.0
0.0
0.0
0.0
0.0
0.0
0.0
9.1
0.0
0.0
0.0
0.0
0.0
0.0
0.0
0.0
0.0
0.0
0.0
0.0
0.0
0.0
0.0
0.0
0.0
0.0
0.0
0.0
0.0
0.0
0.0
0.0
0.0
0.0
0.0
0.0
0.0
0.0
0.0
0.0
0.0
0.0
0.0
0.0
0.0
0.0
0.0
0.0
0.0
0.0
0.0
0.0
15.3
3.3
12.8
0.0
0.0
0.0
0.0
0.0
0.0
0.0
0.0
0.0
0.0
0.0
0.7
0.0
0.2
0.0
0.0
0.0
0.0
0.0
0.0
0.0
0.0
0.0
6.1
10.8
1.9
0.0
0.0
11.0
4.7
11.3
0.0
0.0
0.0
0.0
0.7
0.9
6.4
3.3
2.1
28.8
2.4
0.6
1.3
12.0
0.0
0.0
0.0
0.0
0.6
0.0
1.4
0.7
4.2
0.0
6.6
1.8
0.0
12.9
1.4
0.0
0.0
0.6
21.6
0.0
0.0
0.5
0.0
0.0
4.3
0.0
0.0
0.0
0.0
0.9
0.0
0.0
0.0
3.7
14.1
5.4
14.2
6.7
0.4
6.8
12.7
0.0
0.0
0.0
7.6
5.1
0.5
0.0
5.3
1.2