10.8
0.0
0.0
0.0
12.0
2.8
13.4
0.0
26.2
0.0
0.0
0.0
0.0
3.8
0.0
0.0
0.0
0.0
0.0
0.0
3.4
0.0
2.2
0.0
0.0
2.4
0.0
7.6
0.8
19.2
3.0
0.0
10.4
4.6
4.2
3.0
6.8
0.0
12.4
3.0
0.0
0.0
0.0
12.4
4.2
0.0
0.0
0.0
15.8
6.0
0.0
0.0
0.0
6.8
5.8
12.6
0.0
13.0
4.6
2.0
0.0
23.6
9.6
2.0
0.0
0.0
2.0
1.7
0.0
9.2
0.0
9.2
0.0
24.2
0.0
1.2
14.8
5.2
5.8
0.0
17.3
0.0
0.0
0.0
0.0
0.0
8.8
0.0
0.0
0.0
0.0
0.0
0.0
0.0
15.4
10.0
0.0
0.0
0.0
0.0
0.0
0.0
0.0
0.0
0.0
0.0
0.0
0.0
0.0
0.0
0.0
0.0
0.0
0.0
0.0
0.0
0.0
11.0
1.4
0.0
0.5
0.0
0.0
0.0
0.0
0.0
0.0
0.0
0.0
0.0
0.0
0.0
0.0
0.0
0.0
0.0
0.0
0.0
0.0
0.0
0.0
0.0
0.0
0.0
0.0
0.0
0.0
0.0
0.0
0.0
0.0
0.0
0.0
0.0
0.0
0.0
0.0
0.0
0.0
0.0
0.0
0.0
0.0
0.0
0.0
0.0
0.0
0.0
0.0
0.0
0.0
0.0
0.0
0.0
0.0
0.0
0.0
0.0
0.0
0.0
0.0
0.0
0.0
0.0
0.0
0.0
0.0
0.0
0.0
0.0
0.0
0.0
0.0
0.0
0.0
0.0
0.0
0.0
0.0
0.0
0.0
0.0
0.0
0.0
0.0
0.0
0.0
0.0
0.0
0.0
0.0
0.0
0.0
0.0
0.0
0.0
0.0
0.0
0.0
0.0
0.0
0.0
0.0
0.0
0.0
0.0
0.0
0.0
0.0
0.0
0.0
0.0
0.0
0.0
0.0
0.0
0.0
0.0
0.0
0.0
0.0
0.0
0.0
0.0
4.0
0.0
0.0
0.0
0.0
0.0
0.0
0.0
0.0
0.0
0.0
0.0
0.0
3.0
2.0
3.5
0.0
0.0
1.5
0.0
0.0
0.0
0.0
2.6
0.0
0.0
0.0
0.0
0.0
0.0
0.0
0.0
0.0
0.5
0.0
1.4
0.0
15.0
1.5
0.0
0.0
0.0
0.0
0.0
4.2
2.8
2.4
0.0
0.0
0.0
8.0
0.0
0.0
0.0
0.0
0.0
0.0
0.0
0.0
0.0
9.0
7.8
0.0
0.0
0.0
0.0
0.0
0.0
14.8
3.2
0.0
0.0
2.2
10.8
1.8
4.2
0.0
0.0
0.0
0.0
0.0
0.0
0.5
0.0
0.0
0.0
0.0
0.0
0.0
0.0
4.2
0.0
2.4
0.0
0.0
0.0
0.0
7.6
8.6
0.0
0.0
0.0
4.2
0.0
9.8
0.0
0.0
0.0
0.0
2.6
11.9
0.0
4.4
0.0
2.0
0.0
0.0
8.0
0.0
0.0
0.0
10.4
0.0
0.0
0.0
7.8
0.0
5.7
0.0
0.0
0.0
8.4
8.8
0.0
6.4
2.8
6.8
3.0
9.8
8.2
14.4
0.0
2.2
2.8
1.8
8.4
4.8
3.6
0.0
0.0
10.8
0.0
0.0
0.0
3.0
0.0
9.3
6.5
1.8
1.8
1.6
19.2
15.2
2.0
0.0
3.2
0.0
6.8
7.4
0.0
0.0
6.8
6.4
0.0
8.8
4.8
5.5
0.0
4.0
0.0
0.0
3.8
2.4
0.0
5.8
0.0
2.8
25.6
0.0
6.2
8.8
16.2
10.4
5.0
0.0
0.0
0.0
0.0
0.0
2.5
1.5
0.0
0.0
2.0
11.6
0.0
0.0
0.5
0.0
0.0
0.0
0.0
0.0
0.0
0.0
0.0
0.0
0.0
0.0
0.0
0.0
0.0
0.0
0.0
0.0
0.0
0.0
1.6
0.0
0.0
0.0
0.0
0.0
0.0
0.0
5.4
0.0
0.0
2.6
0.0
0.0
0.0
0.0
0.0
0.0
1.4
0.0
0.0
0.0
0.0
0.0
0.0
0.0
0.0
0.0
0.0
0.0
0.0
0.0
0.0
0.0
0.0
0.0
0.0
0.0
0.0
0.0
0.0
0.0
0.0
0.0
0.0
0.0
0.0
0.0
0.0
0.0
0.0
0.0
0.0
1.2
0.0
0.0
0.0
0.0
0.0
0.0
0.0
0.0
0.0
0.0
0.0
0.0
0.0
0.0
0.0
0.0
0.0
0.0
0.0
0.0
0.0
0.0
0.0
0.0
0.0
0.0
0.0
0.0
0.0
0.0
0.0
0.0
0.0
0.0
0.0
0.0
0.0
0.0
0.0
0.0
0.0
0.0
0.0
0.0
1.6
0.0
0.0
0.0
0.0
0.0
0.0
0.0
0.0
0.0
0.0
0.0
0.0
0.0
0.0
0.0
0.0
0.0
0.0
0.0
0.0
0.0
0.0
0.0
0.0
0.0
0.0
0.0
2.4
0.0
0.0
0.0
0.0
0.0
0.0
0.0
0.0
0.0
0.0
0.0
0.0
0.0
0.0
0.0
0.0
0.0
0.0
0.0
0.0
0.0
0.0
0.0
0.0
0.0
0.0
0.0
0.0
0.0
0.0
5.6
0.0
8.2
0.0
0.0
0.0
3.2
0.0
0.0
0.0
0.0
0.0
0.0
0.0
0.0
0.0
0.0
0.0
1.4
1.8
0.0
16.4
1.4
11.2
12.2
10.4
0.0
3.8
13.2
1.2
0.0
15.8
5.2
0.0
1.2
0.0
12.8
0.0
0.0
0.0
0.0
0.0
0.0
0.0
6.8
0.0
0.0
0.0
0.0
0.0
0.0
0.0
0.0
0.0
0.0
0.0
0.0
0.0
0.0
0.0
0.0
0.0
0.0
0.0
0.0
0.0
0.0
2.2
0.0
0.0
0.0
8.6
0.0
0.0
0.0
2.8
8.2
0.0
1.2
6.8
0.0
22.4
0.0
0.0
0.0
0.0
0.0
6.2
0.0
4.2
0.0
0.0
0.0
12.2
0.0
0.0
0.0
9.6
0.0
8.8
5.8
11.4
0.0
11.4
0.0
16.2
8.4
15.4
2.8
0.0
5.4
4.8
6.4
0.0
5.2
4.4
0.0
18.6
0.0
7.0
2.8
3.2
0.0
0.0
11.4
0.0
0.0
12.6
6.6
9.2
0.0
0.0
0.0
0.0
0.0
3.4
4.0
0.0
0.0
0.0
4.4
0.0
0.0
0.0
0.0
7.4
4.4
0.0
9.0
0.0
0.0
26.4
15.4
9.6
0.0
0.0
3.0
0.0
4.8
8.4
0.0
10.8
0.0
11.4
11.2
0.0
7.4
8.4
7.2
3.4
5.2
1.4
5.4
0.0
0.0
7.2
25.2
0.0
0.0
0.0
2.8
2.4
14.0
11.2
0.0
5.4
0.0
3.2
0.0
0.0
0.0
0.0
0.0
4.6
0.0
0.0
0.0
0.0
0.0
6.4
0.0
16.2
0.0
0.0
0.0
2.2
0.0
0.0
0.0
0.0
0.0
0.0
0.0
0.0
0.0
0.0
0.0
0.0
0.0
0.0
1.2
0.0
0.0
0.0
0.0
0.0
0.0
0.0
0.0
0.0
0.0
0.0
0.0
0.0
0.0
6.0
14.2
0.0
0.0
1.2
0.0
0.0
0.0
0.0
0.0
0.0
0.0
0.0
0.0
0.0
0.0
0.0
0.0
0.0
0.0
0.0
0.0
0.0
0.0
0.0
0.0
0.0
0.0
0.0
0.0
0.0
0.0
0.0
0.0
0.0
0.0
0.0
0.0
0.0
0.0
0.0
0.0
0.0
0.0
0.0
0.0
0.0
0.0
0.0
0.0
0.0
0.0
0.0
0.0
5.5
0.0
0.0
0.0
0.0
0.0
0.0
0.0
0.0
0.0
0.0
0.0
0.0
0.0
0.0
0.0
0.0
0.0
0.0
0.0
0.0
0.0
0.0
0.0
0.0
0.0
0.0
0.0
0.0
0.0
0.0
0.0
0.0
0.0
0.0
0.0
0.0
0.0
0.0
0.0
0.0
0.0
0.0
0.0
0.0
0.0
0.0
0.0
0.0
0.0
0.0
0.0
0.0
0.0
0.0
0.0
0.0
0.0
0.0
0.0
0.0
2.4
0.0
0.0
0.0
0.0
0.0
0.0
3.2
0.0
0.0
0.0
0.0
0.0
0.0
0.0
0.0
0.0
6.4
2.2
0.0
0.0
0.0
0.0
0.0
0.0
0.0
0.0
0.0
0.0
0.0
0.0
1.2
0.0
0.0
0.0
0.0
7.2
0.0
9.6
6.8
2.4
0.0
0.0
0.0
0.0
0.0
0.0
0.0
0.0
0.0
0.0
0.0
0.0
0.0
0.0
15.4
7.0
18.4
0.0
0.0
0.0
0.0
0.0
0.0
0.0
30.5
0.0
2.4
0.0
0.0
0.0
0.0
0.0
0.0
0.0
0.0
0.0
0.0
0.0
0.0
0.0
0.0
0.0
0.0
11.4
0.0
0.0
0.0
0.0
0.0
2.2
0.0
0.0
3.5
1.0
0.0
0.0
0.0
0.0
0.0
0.0
0.0
8.4
15.2
0.0
0.0
0.0
6.8
0.0
0.0
4.5
0.0
0.0
0.0
2.4
13.4
0.0
0.0
0.0
14.2
0.0
0.0
0.0
3.4
0.0
0.0
0.0
5.2
0.0
0.0
0.0
0.0
24.2
12.8
6.8
7.4
15.4
0.0
13.4
0.0
0.0
0.0
0.0
0.0
0.0
12.2
2.0
0.0
0.0
0.0
0.0
2.8
13.4
6.4
8.4
14.6
4.0
0.0
1.6
0.0
4.0
0.0
9.6
0.0
0.0
0.0
0.0
12.8
3.2
11.8
0.0
0.0
0.0
0.0
0.0
14.4
0.0
0.0
4.4
0.0
4.2
1.4
3.2
0.0
0.0
0.0
3.0
0.0
0.0
1.8
0.0
0.0
0.0
19.4
2.4
0.0
17.6
0.0
14.8
0.0
0.0
0.0
0.0
0.0
0.0
7.4
6.6
3.4
6.8
0.0
0.0
20.8
0.0
0.0
0.0
0.0
0.0
27.2
11.2
0.0
2.4
0.0
0.0
41.2
0.0
19.6
14.8
0.0
0.0
5.2
0.0
0.0
0.0
0.0
0.0
0.0
0.0
0.0
0.0
0.0
0.0
0.0
0.0
0.0
0.0
0.0
0.0
0.0
0.0
0.0
0.0
0.0
0.0
0.0
8.8
0.0
0.0
0.0
0.0
0.0
0.0
0.0
0.0
0.0
0.0
0.0
0.0
0.0
0.0
0.0
0.0
0.0
0.0
0.0
0.0
0.0
0.0
0.0
0.0
0.0
0.0
0.0
0.0
0.0
0.0
0.0
0.0
0.0
0.0
0.0
0.0
0.0
0.0
0.0
0.0
0.0
0.0
1.8
0.0
0.0
0.0
0.0
4.4
0.0
0.0
0.0
0.0
0.0
12.6
8.4
0.0
0.0
0.0
0.0
0.0
0.0
0.0
0.0
0.0
0.0
0.0
0.0
0.0
0.0
0.0
0.0
0.0
0.0
0.0
0.0
0.0
0.0
0.0
0.0
0.0
0.0
0.0
4.4
0.0
0.0
0.0
0.0
0.0
0.0
0.0
0.0
0.0
0.0
0.0
0.0
0.0
0.0
0.0
0.0
0.0
0.0
0.0
0.0
0.0
0.0
0.0
10.8
4.8
0.0
0.0
0.0
0.0
0.0
0.0
0.0
3.2
3.6
0.0
0.0
0.0
0.0
0.0
0.0
0.0
0.0
0.0
0.0
0.0
0.0
0.0
0.0
0.0
3.2
0.0
0.0
0.0
0.0
0.0
0.0
21.4
0.0
0.0
0.0
0.0
5.4
16.4
0.0
0.0
0.0
0.0
11.4
0.0
0.0
0.0
3.2
0.0
0.0
0.0
0.0
3.2
12.2
24.6
0.0
0.0
7.4
26.4
0.0
0.0
8.6
0.0
0.0
0.0
0.0
0.0
0.0
0.0
4.4
0.0
0.0
0.0
6.6
0.0
20.4
0.0
3.0
1.6
0.0
0.0
21.4
1.4
2.8
0.0
15.8
0.0
0.0
0.0
0.0
8.4
14.4
0.0
32.2
5.2
4.0
0.0
0.0
0.0
0.0
0.0
0.0
0.0
5.2
6.8
3.6
0.0
3.2
13.2
0.0
11.6
3.2
0.0
4.6
5.8
0.0
0.0
13.2
0.0
0.0
0.0
6.6
5.4
0.0
0.0
0.0
0.0
0.0
0.0
6.6
0.0
4.6
0.0
6.8
0.0
7.6
3.6
3.4
6.4
4.6
19.8
22.2
4.2
1.6
2.2
18.4
18.6
4.8
3.8
15.2
15.2
0.0
1.1
1.4
6.2
3.8
6.8
2.2
0.0
8.8
0.0
0.0
1.6
0.0
0.6
0.0
0.0
1.2
6.6
0.0
8.6
16.2
8.8
6.4
0.0
6.8
10.6
9.8
3.4
4.0
2.2
3.4
0.0
28.6
0.0
9.8
12.2
0.0
0.0
0.0
0.0
0.0
23.4
4.8
0.0
0.0
16.4
0.0
0.0
4.0
6.6
0.0
0.0
1.8
1.2
0.0
0.0
9.4
8.2
2.8
0.0
1.2
0.0
25.4
0.0
1.2
0.0
0.0
0.0
0.0
2.8
0.0
14.2
0.0
0.0
6.8
0.0
0.0
0.0
0.0
0.0
0.0
0.0
6.8
1.8
0.0
0.0
0.0
0.0
0.0
0.0
0.0
0.0
0.0
0.0
0.0
0.0
0.0
1.2
0.0
0.0
0.0
0.0
0.0
0.0
0.0
0.0
0.0
0.0
3.6
2.2
0.0
0.0
0.0
0.0
0.0
0.0
0.0
0.0
0.0
0.0
0.0
0.0
0.0
0.0
0.0
0.0
0.0
0.0
0.0
0.0
0.0
0.0
0.0
0.0
0.0
0.0
0.0
0.0
0.0
7.6
0.0
0.0
0.0
0.0
0.0
0.0
0.0
0.0
0.0
0.0
0.0
0.0
0.0
0.0
0.0
0.0
0.0
0.0
0.0
0.0
0.0
0.0
0.0
0.0
0.0
0.0
0.0
0.0
0.0
0.0
0.0
0.0
0.0
0.0
0.0
0.0
0.5
0.0
0.0
0.0
0.0
0.0
0.0
0.0
0.0
0.0
0.0
0.0
2.8
1.2
0.0
1.8
0.0
0.0
0.0
0.0
0.0
0.0
0.0
0.0
0.0
0.0
0.0
0.0
0.0
0.0
0.0
0.0
1.2
0.0
0.0
0.0
0.0
0.0
0.0
0.0
0.0
0.0
0.0
0.0
0.0
0.0
8.0
0.0
0.0
2.6
0.0
0.0
0.0
0.0
0.0
0.0
0.0
0.0
0.0
3.6
1.2
0.0
0.0
0.0
0.0
0.0
0.0
0.0
0.0
1.8
0.0
0.0
0.0
0.0
0.0
0.0
0.0
0.0
1.6
0.0
0.0
0.0
0.0
0.0
0.0
0.0
0.0
0.0
0.0
1.6
0.0
0.0
0.0
0.0
0.0
9.8
0.0
0.0
4.6
0.0
4.8
0.0
0.0
0.0
0.0
0.0
0.0
0.6
0.0
0.0
5.6
0.0
0.0
0.0
0.0
0.0
0.0
0.0
0.0
0.0
0.0
0.0
0.0
0.0
0.5
0.0
0.0
0.0
0.0
0.0
0.0
0.0
0.0
1.4
0.0
0.0
0.0
0.0
1.4
11.4
2.0
0.0
0.0
0.0
2.8
0.0
0.0
0.0
3.2
0.0
29.8
6.2
0.0
5.4
0.0
0.0
14.6
2.4
0.0
18.2
0.0
0.0
23.4
6.2
11.4
0.0
20.4
5.6
18.4
18.2
9.2
17.2
17.6
6.8
15.4
6.2
7.4
6.2
0.0
8.4
0.0
17.0
0.0
4.4
2.8
0.0
0.0
0.0
0.0
0.0
0.0
0.0
0.0
0.0
15.8
1.0
22.0
6.8
25.6
2.4
7.6
4.8
2.8
15.8
8.2
0.0
0.0
3.6
22.6
21.2
0.0
0.0
0.0
0.0
0.0
0.0
0.0
0.0
0.0
0.0
4.4
0.0
0.0
0.0
0.0
0.0
4.6
0.0
3.2
0.0
0.6
0.0
0.0
0.0
0.0
0.0
0.0
0.6
0.0
0.0
7.4
0.0
13.2
2.4
0.0
13.2
0.0
7.6
4.6
0.0
0.0
4.6
0.0
0.0
6.6
0.0
0.0
1.4
4.8
1.8
0.0
0.0
0.0
0.0
6.2
0.0
0.6
5.8
1.8
0.0
0.0
0.0
0.0
15.2
1.8
0.0
0.0
0.0
0.0
0.0
0.0
1.4
5.4
0.0
0.0
0.0
0.6
0.0
0.0
0.0
0.0
0.0
0.0
0.0
0.0
0.0
0.0
0.0
0.0
0.0
0.0
0.0
0.0
0.0
0.0
0.0
0.0
0.0
0.0
0.0
0.0
0.0
0.0
0.0
0.0
0.0
0.0
0.0
0.0
0.0
0.0
0.0
0.0
0.0
0.0
0.0
0.0
0.0
0.0
0.0
0.0
0.0
0.0
0.0
0.0
0.0
0.0
0.0
0.0
0.0
0.0
0.0
4.8
0.0
0.0
0.0
0.0
0.0
0.0
0.0
0.0
0.0
0.0
0.0
0.0
0.0
0.0
0.0
0.0
0.0
0.0
0.0
0.0
0.0
0.0
0.0
0.0
0.0
0.0
0.0
0.0
0.0
0.0
0.0
0.0
0.0
0.0
0.0
0.0
0.0
0.0
0.0
0.0
0.0
0.0
0.0
0.0
0.0
0.0
1.0
0.0
0.0
0.0
0.0
0.4
19.6
0.0
0.0
0.0
0.0
0.0
0.0
1.8
2.0
0.0
0.0
0.0
0.0
9.2
9.6
7.6
0.0
0.0
0.0
0.0
0.0
0.0
0.0
4.0
0.0
0.0
0.0
0.0
0.0
0.0
0.0
0.0
0.0
6.2
0.0
0.0
2.0
0.0
0.0
0.0
0.0
2.4
0.0
1.8
0.0
2.2
0.0
5.4
0.0
0.0
0.0
0.0
0.0
0.0
0.0
0.0
0.0
0.0
0.0
0.0
1.2
0.0
0.0
0.0
0.0
0.0
0.0
0.0
0.0
5.2
0.0
16.8
0.0
13.4
11.6
0.0
0.0
0.0
0.0
0.0
0.0
0.0
0.0
0.0
0.0
0.0
0.0
0.0
0.0
0.0
0.0
0.0
0.0
0.0
0.0
6.8
0.0
0.0
0.0
0.0
0.0
0.0
0.0
0.0
0.0
0.0
0.0
8.8
8.4
2.8
1.4
0.0
26.2
16.6
21.6
0.0
5.6
0.0
0.0
0.0
0.0
0.0
0.0
0.0
0.0
1.4
6.8
9.4
9.8
0.0
0.0
0.0
7.2
0.0
0.0
0.0
0.0
0.5
1.2
11.4
1.6
4.6
1.0
0.0
0.0
5.4
0.0
0.0
0.0
9.2
0.0
0.0
0.0
0.0
0.0
0.0
0.0
2.2
0.0
0.0
8.2
2.0
3.8
0.0
0.0
1.4
4.2
42.6
4.6
0.0
14.2
13.8
28.2
8.6
0.0
2.6
6.2
4.2
3.6
6.2
25.2
7.2
14.8
0.0
0.0
6.2
1.2
0.0
0.0
2.4
0.0
0.0
0.0
0.0
0.0
0.0
3.6
0.0
0.0
5.2
1.8
0.0
0.0
0.0
0.0
0.0
0.0
0.0
4.2
0.0
0.0
8.4
0.0
0.5
2.6
0.0
11.0
0.0
4.8
10.2
10.4
0.0
0.0
0.0
0.0
0.0
0.0
0.0
0.0
0.0
0.0
19.4
2.2
0.6
2.8
0.0
0.0
0.0
0.0
0.0
0.0
0.0
0.0
0.0
0.0
0.0
0.0
0.0
0.0
0.0
0.0
0.0
0.0
0.0
0.0
0.0
0.0
0.0
0.0
0.0
0.0
0.0
0.5
0.0
0.0
0.0
0.0
0.0
0.0
0.0
0.0
0.0
0.0
0.0
0.0
0.0
0.0
0.0
0.0
0.0
0.0
0.0
0.0
0.0
0.0
0.0
0.0
0.0
0.0
0.0
0.0
0.0
0.0
0.0
0.0
0.0
0.0
0.0
0.0
0.0
0.0
0.0
0.0
0.0
0.0
0.0
0.0
0.0
0.0
0.0
0.0
0.0
0.0
0.0
0.0
0.0
0.0
0.0
0.0
0.0
0.0
0.0
0.0
0.0
0.0
0.0
0.0
0.0
0.0
1.2
0.0
0.0
0.0
0.0
0.0
0.0
0.0
0.0
0.0
0.0
0.0
0.0
0.0
0.0
0.0
0.0
0.0
1.0
1.8
0.0
0.0
0.0
0.0
0.0
0.0
0.0
0.0
0.0
0.0
0.0
0.0
0.0
0.0
0.0
0.0
0.0
0.0
0.0
0.0
0.0
0.0
0.0
0.0
0.0
0.0
0.0
0.0
0.0
0.0
0.0
0.0
0.0
0.0
0.0
0.0
0.0
3.8
0.0
0.0
0.0
0.0
0.0
0.0
0.0
0.0
0.0
0.0
0.0
0.0
0.0
0.0
0.0
0.0
0.8
0.0
5.2
0.0
0.5
0.0
3.8
10.2
8.8
6.8
1.2
0.0
0.0
0.0
0.0
0.0
5.2
10.4
11.6
0.0
0.0
0.0
10.2
0.0
0.0
1.2
0.0
0.0
0.0
0.0
0.0
0.0
0.0
0.0
0.0
0.0
0.0
13.6
10.2
3.8
3.8
7.2
1.6
0.6
0.0
6.2
0.0
0.6
0.0
0.0
0.0
7.8
6.8
0.0
0.0
0.0
0.0
0.0
0.0
0.0
0.0
0.0
5.2
13.2
0.5
0.0
0.0
0.0
0.0
0.0
0.0
0.6
0.0
0.0
0.0
0.0
7.6
2.2
2.8
0.0
0.0
0.0
0.0
0.0
0.0
12.2
5.4
15.2
4.8
0.5
11.4
4.8
5.0
4.0
2.2
2.4
0.5
1.4
0.0
0.0
6.2
0.0
14.4
10.8
0.5
14.0
1.6
5.8
13.6
10.4
0.0
3.2
0.0
10.0
6.4
3.8
2.0
23.6
0.0
3.6
0.0
1.0
0.0
0.0
0.0
4.0
8.8
1.4
6.8
0.0
1.8
0.0
8.8
1.2
0.5
0.0
0.0
0.0
0.0
0.0
5.8
0.0
0.0
1.4
0.0
0.0
6.4
0.0
0.0
0.0
0.0
5.4
0.0
15.2
0.0
0.0
0.0
0.0
0.0
0.0
0.0
0.0
0.0
0.0
4.0
0.0
7.8
6.8
0.0
8.2
2.6
5.6
1.6
0.0
1.8
0.0
1.4
0.0
0.0
0.0
3.2
0.0
1.0
1.2
0.0
4.8
10.7
7.8
0.0
0.0
0.0
2.4
0.0
0.0
0.6
8.6
1.6
11.8
0.0
0.0
0.0
0.0
0.0
0.0
0.0
0.0
0.0
0.0
0.0
0.0
0.0
0.0
0.0
0.0
0.0
0.0
0.0
0.0
0.0
0.0
0.0
0.0
0.0
0.0
0.0
0.0
0.0
0.0
0.0
0.0
0.0
0.0
0.0
0.0
0.0
0.0
0.0
0.0
0.0
0.0
0.0
0.0
0.0
0.0
0.0
0.0
0.0
0.0
0.0
0.0
0.0
0.0
0.0
0.0
0.0
0.0
0.0
0.0
0.0
0.0
0.0
0.0
0.0
0.0
1.6
0.5
0.0
0.0
0.0
0.0
0.0
0.0
0.0
0.0
0.0
0.0
0.0
0.0
0.0
0.0
0.0
0.0
0.0
0.0
0.0
0.0
0.0
0.0
0.0
0.0
0.0
0.0
0.0
0.0
0.0
0.0
0.0
0.0
0.0
0.0
0.0
0.0
0.0
0.0
0.0
0.0
0.0
0.0
0.0
0.0
0.0
0.0
0.0
0.0
0.0
0.0
0.0
0.0
0.0
0.0
0.0
0.0
0.0
0.5
0.0
0.0
3.4
0.0
0.0
0.0
0.0
0.0
0.0
0.0
0.0
0.0
0.0
0.0
0.0
0.0
0.0
0.0
0.0
0.0
0.0
0.0
0.0
0.0
0.0
16.4
1.2
0.0
0.0
0.0
2.8
0.0
0.0
0.0
12.4
0.0
0.0
0.0
4.2
0.0
0.0
0.0
0.0
0.0
1.6
0.0
0.0
0.0
0.0
0.0
0.0
1.0
0.0
0.0
0.0
0.0
0.0
0.0
0.0
0.0
0.0
0.0
10.0
2.4
0.5
0.0
22.4
0.0
3.8
0.0
1.2
0.0
0.0
0.0
0.0
2.1
11.6
2.4
6.4
1.8
0.0
3.2
0.0
0.0
0.0
0.0
0.0
0.0
3.2
0.0
0.0
0.0
0.0
5.4
3.2
2.2
9.8
0.0
0.0
0.0
4.9
7.4
0.0
0.0
0.0
0.0
0.0
4.6
12.2
0.0
0.0
0.0
10.0
0.0
0.0
0.0
25.0
4.4
4.8
11.4
0.0
0.0
0.0
1.6
3.2
0.0
0.0
0.5
0.0
0.0
0.0
0.0
1.8