0.0
1.4
5.7
0.0
3.3
1.2
5.8
0.0
22.5
4.7
11.8
36.1
0.7
3.9
0.0
0.0
0.0
0.0
0.0
4.5
9.4
33.6
0.6
10.4
7.3
1.6
0.6
1.6
15.2
11.2
0.0
0.4
13.4
7.1
26.7
5.5
10.0
0.0
3.6
13.4
5.3
0.3
1.0
3.6
18.2
10.6
11.2
21.4
19.2
27.5
0.0
4.9
1.2
4.1
0.3
17.5
13.7
4.3
0.4
0.0
4.2
3.0
0.7
13.3
3.8
1.4
8.0
16.5
7.9
13.4
0.3
0.5
2.1
0.3
12.3
33.7
1.8
1.0
0.4
5.5
5.3
7.0
4.9
36.0
8.5
3.0
0.0
7.2
0.0
0.0
4.4
33.5
2.3
8.2
3.2
1.2
6.6
0.0
2.5
0.0
0.0
0.0
7.3
0.0
0.0
0.0
0.0
3.0
5.3
4.4
3.7
0.0
0.0
0.0
0.0
0.0
0.0
0.0
0.0
0.4
7.5
0.0
0.0
0.0
0.0
0.0
0.0
0.0
0.0
0.0
0.0
0.0
0.0
0.0
0.0
0.0
0.0
0.0
0.0
0.0
0.0
0.0
0.0
0.0
0.0
0.0
0.0
0.0
0.0
0.0
0.0
0.0
0.0
0.0
0.0
0.0
0.0
0.0
0.0
0.0
0.0
0.0
0.0
0.0
0.0
0.0
0.0
0.0
0.0
0.0
0.0
0.0
0.0
0.0
0.0
0.0
0.0
0.0
0.0
0.0
0.0
0.0
0.0
0.0
0.0
0.0
0.0
0.0
0.0
0.0
0.0
0.0
0.0
0.0
0.0
0.0
0.0
0.0
0.0
0.0
0.0
0.0
0.0
0.0
0.0
0.0
0.0
0.0
0.0
0.0
0.0
0.0
1.5
0.0
0.0
0.0
0.0
0.0
0.0
0.0
0.0
0.0
0.0
0.0
0.0
0.4
0.0
0.0
0.0
0.0
0.0
0.0
0.0
0.0
0.0
0.0
0.0
0.0
0.0
0.0
0.0
0.0
0.0
2.8
0.0
3.3
0.0
0.0
0.0
0.0
0.0
0.0
0.0
0.0
0.0
0.0
0.0
0.0
0.4
0.0
5.6
3.0
0.0
0.6
0.0
0.0
0.0
0.0
0.0
0.0
0.4
0.0
0.0
0.0
0.0
32.0
30.7
38.2
1.8
0.4
0.4
10.4
0.0
1.8
1.0
0.0
2.7
0.0
0.5
2.1
0.0
0.0
0.0
1.9
2.1
0.3
0.0
0.0
0.0
0.0
0.0
4.1
19.4
0.5
0.0
1.4
0.0
0.0
0.0
0.0
0.0
0.5
9.5
10.8
0.0
0.0
0.0
0.8
0.0
0.0
0.0
0.0
0.0
0.0
0.0
7.4
0.0
0.0
0.0
0.0
0.0
0.0
0.0
1.6
2.5
0.3
0.0
0.0
0.0
0.0
0.0
0.9
6.4
0.0
1.7
0.0
0.0
0.0
7.7
0.5
0.0
0.0
8.6
7.2
6.8
0.0
5.8
0.0
3.0
0.4
0.3
3.6
1.0
11.4
0.3
3.0
0.0
0.0
1.2
19.0
2.0
15.1
9.0
0.1
12.7
11.9
3.1
0.0
4.5
9.8
12.1
1.1
2.7
6.4
0.0
0.2
5.3
0.4
0.3
12.2
17.1
1.4
2.0
0.6
6.5
7.4
17.4
20.7
1.8
16.6
1.1
0.9
0.0
1.4
8.2
18.6
14.5
1.9
0.7
10.4
15.3
12.4
1.0
0.0
31.6
0.0
0.5
3.4
11.0
6.1
9.1
0.0
0.0
5.2
0.2
1.3
2.6
0.0
0.4
2.9
8.6
9.0
9.7
13.5
13.2
7.8
5.2
4.1
13.5
0.0
0.0
0.0
3.3
0.0
0.0
0.0
6.4
1.8
1.8
0.0
0.0
0.0
0.0
0.0
0.0
0.0
0.0
0.0
0.0
0.0
0.0
0.0
0.0
0.0
0.0
0.0
0.0
0.0
0.0
0.0
14.9
1.9
0.0
0.0
0.0
0.0
22.2
1.3
0.0
0.0
0.0
0.0
0.0
0.0
0.0
0.0
0.0
0.0
0.0
0.0
0.0
0.4
0.0
0.0
0.0
0.0
0.0
0.0
0.0
0.0
0.0
0.0
0.0
0.0
0.0
0.0
0.0
0.0
0.0
0.0
0.0
0.0
0.0
0.0
0.0
0.0
0.0
0.0
0.0
0.0
0.0
0.0
0.0
0.0
0.6
0.3
1.4
0.0
0.0
0.0
0.0
0.0
0.0
0.0
0.0
0.0
0.0
0.0
0.0
0.0
0.0
0.0
0.0
0.0
0.0
0.0
0.0
0.0
0.0
1.1
0.0
0.0
0.0
0.0
0.0
0.0
0.0
0.0
0.0
0.0
0.0
0.0
0.0
0.0
0.0
0.0
0.0
0.0
0.0
0.0
0.0
0.0
0.0
0.0
3.1
0.0
0.0
0.0
0.0
0.0
0.0
0.0
0.0
0.0
0.0
0.0
0.0
6.0
0.6
0.8
1.4
0.0
8.0
0.0
0.0
0.0
0.0
1.1
0.0
0.0
0.0
0.0
0.0
0.0
0.0
0.0
0.0
0.0
0.0
0.0
0.0
0.0
0.0
0.0
0.0
0.0
0.0
0.0
0.0
0.0
0.0
0.0
0.0
0.0
0.0
0.0
0.0
6.2
0.0
4.4
4.0
0.0
0.0
0.0
0.0
0.0
0.0
0.0
0.0
0.0
0.0
0.0
0.0
0.0
0.0
0.0
3.2
5.3
31.4
29.4
2.1
1.5
13.5
1.0
0.0
0.0
0.1
1.6
0.0
2.5
1.2
0.0
0.0
0.0
2.6
0.0
0.4
0.0
0.0
0.0
0.0
0.0
0.0
0.0
0.0
0.0
0.0
0.0
0.0
0.0
0.0
0.0
0.0
0.0
0.0
0.0
0.0
0.0
0.0
0.0
0.0
0.0
5.0
0.0
0.0
0.0
0.0
0.2
2.1
6.6
0.0
0.0
0.0
0.6
3.2
1.6
6.6
7.6
1.2
1.9
0.0
0.0
0.0
0.0
0.0
3.4
0.8
1.5
0.0
0.0
7.2
0.8
0.3
1.0
0.0
0.0
0.5
2.6
13.3
14.9
0.0
5.8
0.3
1.0
18.6
7.1
1.9
11.8
8.2
8.3
7.9
17.3
10.3
0.0
2.8
3.4
11.9
2.5
25.7
1.5
2.4
16.2
23.3
14.8
0.0
3.5
15.7
3.0
9.3
1.5
14.0
0.8
7.5
3.9
1.5
9.4
6.2
0.0
5.0
0.6
0.0
9.3
0.8
5.4
2.2
37.7
5.8
2.2
19.2
21.8
18.4
6.4
1.0
0.6
3.7
10.1
1.7
3.3
16.8
14.1
12.8
21.8
16.8
0.0
8.3
5.6
22.6
3.6
2.0
12.0
8.7
6.2
7.2
9.3
39.4
1.0
0.0
4.0
0.9
2.5
5.4
0.0
0.3
0.9
9.0
9.7
0.0
3.2
10.7
0.2
0.0
0.0
0.0
1.8
0.0
17.0
5.7
3.7
4.1
6.4
10.1
0.0
12.2
0.0
0.0
0.0
0.0
0.0
0.0
0.0
0.0
0.0
0.0
0.0
0.0
0.0
0.3
7.2
0.3
1.0
0.0
0.0
0.0
0.0
0.0
0.6
0.0
0.0
0.0
0.0
0.0
0.0
0.0
8.4
0.2
0.0
0.0
0.0
3.0
0.0
0.0
0.0
0.0
0.0
0.0
0.0
0.0
0.0
0.0
0.0
0.0
0.0
0.0
0.0
0.0
0.0
0.0
0.0
0.0
0.0
0.0
0.0
0.0
0.0
0.0
0.0
0.0
0.0
0.0
0.0
0.0
0.0
0.0
2.2
0.0
0.0
0.0
0.0
0.0
0.0
0.0
0.0
0.0
0.0
0.0
0.0
0.0
0.0
0.0
0.0
0.0
0.0
0.0
0.0
0.0
0.0
0.0
0.0
0.0
0.0
0.0
0.0
0.0
0.0
0.0
0.0
0.0
0.0
0.0
0.0
0.0
0.0
0.0
0.0
0.0
0.0
0.0
0.0
0.0
1.2
0.0
0.0
0.0
0.0
0.0
0.0
0.0
1.2
7.0
0.0
0.0
2.3
0.8
0.0
0.0
0.0
0.0
0.0
0.0
0.0
0.0
0.0
0.0
0.0
0.0
0.0
0.8
8.0
1.6
0.0
0.0
0.0
0.0
2.2
0.6
0.0
1.5
0.0
0.0
0.0
0.0
0.0
3.2
0.0
8.4
0.8
0.0
0.0
0.0
0.0
0.0
0.0
0.0
0.0
0.0
11.8
6.9
9.3
0.9
9.6
0.0
0.0
0.0
0.0
4.6
0.0
0.0
0.0
0.0
0.0
0.0
0.0
0.0
0.0
0.0
0.0
3.0
0.0
0.0
2.7
3.2
0.4
0.0
2.0
14.0
9.0
0.0
0.0
0.0
0.0
0.0
23.0
11.0
0.8
0.0
0.0
0.0
0.0
0.0
0.0
0.0
0.0
0.0
0.0
0.0
0.0
0.0
0.0
0.0
0.0
7.0
0.8
4.6
0.0
0.0
0.0
0.0
0.0
0.0
0.0
0.0
12.0
3.0
0.0
0.0
0.0
0.0
0.0
0.0
5.6
23.3
8.5
4.2
2.2
0.5
0.0
0.0
7.8
4.2
3.7
0.0
0.0
6.0
0.0
0.0
0.0
0.0
8.3
1.2
3.2
0.8
0.0
0.0
0.0
5.8
25.7
0.0
0.0
0.0
0.0
0.5
5.4
36.1
5.8
2.4
2.9
6.8
4.4
0.3
2.2
0.5
0.0
0.0
11.3
2.4
1.8
1.8
5.0
23.7
5.0
9.7
22.7
1.7
6.2
6.5
0.0
2.6
0.0
3.3
20.5
5.7
10.0
4.1
8.5
0.0
4.3
3.6
0.6
6.0
3.2
2.3
6.0
0.8
12.6
5.4
22.8
5.0
5.7
11.3
0.9
0.8
1.5
3.2
0.6
0.3
14.4
7.4
0.6
0.0
16.4
5.3
8.0
0.0
0.0
11.7
8.5
1.0
15.9
2.0
0.0
0.8
5.0
6.1
0.0
0.6
14.8
3.2
2.2
0.0
0.0
0.0
0.0
0.0
0.0
0.0
0.0
0.0
2.4
5.0
10.8
18.7
4.7
14.5
9.8
1.7
9.4
18.3
2.7
1.5
0.0
0.4
0.0
0.0
0.0
0.0
0.0
0.0
0.0
3.1
12.0
0.3
0.0
0.0
0.0
0.0
0.0
0.0
0.0
0.0
0.0
0.0
0.0
0.0
0.0
0.0
0.0
0.0
0.0
0.0
0.0
0.0
0.0
0.0
0.0
0.0
0.0
0.0
0.0
0.0
0.0
0.0
0.0
0.0
0.0
0.0
0.0
1.2
0.0
0.0
0.0
0.0
0.0
0.0
0.0
0.0
0.0
0.0
0.0
0.0
0.0
0.0
0.0
0.0
9.6
0.9
2.4
7.0
0.0
0.0
0.0
0.0
0.0
0.0
0.0
0.0
2.8
12.8
0.0
0.0
2.6
0.0
0.0
0.0
0.0
0.4
0.0
0.0
0.0
0.0
0.0
0.0
0.0
0.0
0.0
1.8
2.3
0.0
0.0
0.0
0.0
0.0
0.0
0.0
0.0
1.3
1.2
3.2
0.0
0.0
0.0
0.0
0.1
0.0
0.0
0.0
0.0
0.0
0.0
0.0
0.0
4.8
0.0
0.0
18.4
0.0
0.0
0.0
0.0
1.6
0.3
3.2
0.0
0.2
1.6
0.0
0.0
0.0
0.0
4.2
0.0
1.1
0.0
0.0
0.0
0.0
0.8
0.2
0.0
0.0
0.0
0.0
0.0
0.0
0.0
0.0
0.0
0.0
0.0
0.0
17.2
0.3
18.2
0.0
0.0
0.0
0.8
0.0
0.0
1.2
0.0
1.3
0.0
0.0
2.4
0.6
0.0
0.0
0.0
0.0
0.4
0.0
0.0
2.3
2.4
8.2
2.0
3.3
0.0
5.3
0.0
1.2
0.3
0.0
0.0
0.0
0.0
0.0
0.0
0.0
0.0
0.0
0.0
0.0
1.4
0.0
0.0
0.0
0.0
3.2
1.0
2.2
1.8
4.2
11.0
9.5
3.3
4.2
0.0
0.0
0.5
29.0
9.0
5.6
10.4
3.1
0.3
0.0
0.0
0.0
0.5
15.7
1.1
0.0
0.0
0.0
0.0
0.0
8.3
0.9
3.3
0.0
25.0
0.0
3.7
0.0
1.9
0.0
0.0
0.0
21.4
0.0
19.9
2.7
0.0
0.0
0.0
0.8
0.0
0.0
0.0
35.6
1.7
2.9
0.5
1.0
4.9
0.0
9.5
13.0
6.4
3.4
8.8
6.6
4.8
16.7
11.5
0.3
4.5
4.5
2.9
5.0
6.6
0.5
15.2
18.3
1.0
0.2
0.0
0.8
0.0
23.2
0.5
0.0
0.0
0.0
0.0
0.0
0.0
6.0
5.6
0.2
6.7
0.0
2.0
2.1
12.7
0.2
11.5
0.9
6.8
6.8
1.2
3.5
7.7
8.6
11.2
0.7
0.0
4.8
0.0
0.5
0.0
3.4
1.1
0.2
6.7
8.7
0.5
0.2
12.1
6.0
0.3
0.0
3.7
5.6
0.5
0.0
5.2
11.0
0.2
4.0
3.4
2.4
2.9
0.0
1.5
0.0
0.2
0.0
0.0
3.4
0.3
0.6
0.0
0.0
0.0
1.6
0.0
0.0
0.0
0.0
0.0
28.0
0.0
1.8
0.0
0.0
0.0
0.0
0.0
0.0
0.0
0.0
0.0
0.0
0.0
0.0
0.0
0.0
0.0
0.0
1.4
2.5
14.7
0.0
0.0
1.5
12.8
3.8
0.0
0.0
0.0
0.0
0.0
0.0
0.0
0.0
0.0
0.0
0.0
0.0
0.0
0.0
0.0
0.0
0.0
0.0
0.0
0.0
0.0
0.0
0.0
0.0
0.0
0.0
0.0
0.0
0.0
0.0
0.0
4.8
0.0
0.0
0.0
0.0
0.0
0.0
0.0
0.0
0.0
0.0
0.0
0.0
0.0
0.0
0.0
0.0
0.0
0.0
0.0
0.0
0.0
0.0
0.0
0.0
0.0
0.0
0.0
0.0
0.0
0.0
0.0
0.0
0.0
0.0
0.0
0.0
0.2
0.0
0.0
0.0
0.0
0.0
0.0
4.0
0.0
0.0
0.0
0.0
0.0
2.2
0.5
1.7
0.0
0.0
0.0
0.0
0.0
0.0
0.0
0.0
0.0
0.0
0.0
0.0
0.0
0.0
0.0
0.0
1.2
0.0
0.0
0.0
0.0
0.0
1.4
0.0
0.0
4.2
0.0
0.0
0.0
0.0
0.0
0.8
0.0
0.0
0.0
0.1
0.0
0.0
0.0
0.0
0.0
11.0
0.1
24.8
0.5
0.0
0.0
0.0
0.0
0.0
0.0
0.0
11.1
1.3
0.0
0.0
0.0
0.0
0.0
0.0
0.0
0.0
0.0
0.0
0.0
0.0
0.0
0.0
0.0
0.0
0.0
0.0
0.0
0.0
4.3
0.0
0.0
0.0
4.5
3.7
0.5
0.0
0.4
0.0
0.0
0.0
0.0
0.0
0.0
0.0
0.0
2.9
0.0
0.0
2.2
0.0
0.0
0.0
0.0
0.0
0.0
0.0
0.0
0.0
0.0
0.0
0.0
2.6
0.5
0.0
0.0
0.0
0.0
0.0
0.0
0.0
0.0
0.0
0.0
0.0
4.2
0.0
0.0
4.0
2.0
0.0
4.9
8.0
3.8
21.2
26.2
4.5
0.0
0.0
5.2
12.0
16.0
0.6
0.0
2.0
9.9
7.3
0.0
6.4
0.2
4.2
6.1
13.2
13.0
5.8
5.7
5.2
9.9
11.2
6.6
0.2
2.5
16.6
13.1
5.0
2.1
1.8
1.3
7.4
5.5
26.8
2.1
2.8
1.4
1.1
27.8
0.2
3.7
0.0
0.0
0.2
3.3
2.5
15.6
16.4
5.0
8.0
8.8
8.1
24.7
11.0
1.4
2.2
2.7
0.0
0.3
0.0
9.4
4.6
1.0
0.0
0.0
0.0
0.0
0.0
0.0
0.0
0.0
0.0
0.0
0.0
0.0
0.0
0.5
2.2
10.6
1.2
19.8
2.0
0.0
0.0
0.0
0.0
7.1
0.0
11.0
6.8
0.0
0.0
9.1
30.4
4.4
0.4
2.4
0.0
0.0
0.8
6.2
0.6
3.5
0.0
0.0
0.0
0.4
0.0
0.0
0.0
9.2
0.0
0.0
0.0
0.0
0.0
4.2
0.7
7.8
0.0
2.8
0.0
0.0
0.0
0.0
0.0
0.6
0.0
0.0
0.0
0.0
0.0
0.0
0.0
5.4
0.8
0.0
0.0
0.0
0.0
0.0
0.0
0.0
0.0
0.0
0.0
0.0
0.0
0.0
0.0
0.0
0.0
0.0
0.0
0.0
0.0
0.0
0.0
0.0
0.0
0.0
0.0
0.0
0.0
0.0
0.0
0.0
0.0
0.0
0.0
0.0
0.0
0.0
0.0
0.0
0.0
0.0
0.0
0.0
0.0
0.0
0.0
0.0
0.0
0.0
0.0
0.0
0.0
0.0
0.0
0.0
0.0
0.0
1.8
3.6
3.2
0.0
1.6
0.0
0.0
0.0
0.0
0.0
0.0
0.0
0.0
0.0
0.0
0.0
0.0
0.0
0.0
0.0
0.0
0.0
0.0
0.0
0.0
0.0
0.0
0.0
0.0
0.0
0.0
0.0
0.0
0.0
0.0
0.0
0.0
0.0
1.0
0.0
0.2
1.6
0.0
0.0
0.0
0.0
0.0
0.0
0.6
0.0
0.0
0.0
0.6
25.9
12.0
0.0
0.0
0.0
0.0
1.1
0.0
0.0
0.0
0.0
0.0
0.0
0.0
0.0
0.0
10.3
12.0
0.0
0.0
0.0
0.0
0.0
0.0
0.0
0.0
0.0
0.0
0.0
0.0
0.2
0.0
0.0
0.0
0.0
1.0
0.0
10.8
0.0
0.0
0.0
0.0
1.0
0.0
0.0
0.0
0.8
0.0
0.0
0.0
0.0
0.0
0.0
0.3
1.2
0.0
0.0
2.1
0.0
0.0
0.0
0.0
0.0
0.0
0.0
0.2
0.0
0.0
0.0
0.0
0.0
0.7
0.0
0.0
0.0
14.2
5.7
0.0
0.0
0.0
0.0
0.0
0.0
0.0
0.6
0.0
0.8
0.0
0.0
2.8
0.0
0.0
0.0
0.7
0.0
0.0
0.0
0.0
0.0
0.0
1.4
0.0
0.0
0.0
0.0
0.0
0.0
0.8
2.8
5.4
0.0
3.5
0.0
15.6
0.4
1.0
10.6
0.8
0.4
0.0
0.0
0.0
0.2
0.0
0.0
0.0
0.6
0.0
10.8
4.8
0.0
0.4
1.0
13.2
0.0
0.0
0.2
2.7
0.0
5.2
15.3
30.1
8.0
5.2
1.0
0.0
0.8
5.3
0.0
2.8
7.8
3.0
0.0
0.0
0.0
0.0
0.0
0.0
0.0
0.0
1.3
0.0
12.4
22.2
3.5
5.8
16.8
1.2
1.8
17.8
3.0
6.0
5.8
13.6
3.6
1.3
1.2
5.1
3.0
2.3
3.8
6.0
0.8
14.2
2.5
4.2
0.0
0.0
0.0
0.0
4.1
23.8
3.5
0.0
0.0
0.0
0.0
0.0
1.6
12.5
1.6
0.0
4.6
2.1
0.0
0.0
0.0
0.0
0.0
0.0
9.8
5.2
1.8
26.8
0.0
2.6
2.8
3.2
2.0
10.8
15.8
0.0
0.0
9.6
0.0
10.5
0.0
0.1
6.4
0.0
0.0
0.0
16.9
0.5
0.0
1.5
0.0
0.0
0.0
0.0
0.0
0.0
0.0
0.0
0.2
0.0
0.0
0.0
0.0
0.0
0.0
0.0
0.0
0.0
0.4
0.0
0.0
0.0
0.0
0.0
0.0
0.0
0.0
0.0
0.0
0.0
0.0
0.0
0.0
0.0
0.0
0.0
0.0
0.0
0.0
0.0
0.0
0.0
0.0
0.0
0.0
0.0
0.0
0.0
0.0
0.0
0.0
0.0
0.0
0.0
0.0
0.0
0.0
0.0
0.0
0.0
0.0
0.0
0.0
0.0
0.0
0.0
0.0
0.0
0.0
0.0
0.0
0.0
0.0
0.0
0.0
0.0
0.0
0.0
0.0
0.0
0.0
0.0
0.0
0.0
0.0
0.0
0.0
0.0
0.0
0.0
0.0
0.0
0.0
0.0
0.0
0.0
0.0
0.0
0.0
0.0
0.0
0.0
0.0
0.0
0.0
0.0
0.0
0.0
0.0
0.0
0.0
0.0
0.0
0.0
0.0
0.0
0.0
0.0
0.0
0.0
0.0
0.0
0.0
0.0
0.0
0.0
0.0
0.0
0.0
0.0
0.0
0.0
0.0
0.0
0.0
0.0
0.0
0.0
0.0
0.0
0.0
0.0
0.0
0.0
0.0
0.7
0.0
0.0
1.6
0.8
2.4
3.0
0.0
0.0
0.0
2.0
0.0
0.0
0.0
0.0
0.0
0.0
0.0
0.0
0.0
0.0
1.3
0.0
0.0
0.1
0.0
0.0
0.0
3.2
9.3
1.0
18.0
0.8
0.3
0.0
0.0
0.0
0.0
3.6
0.0
0.0
2.6
0.0
0.0
0.0
0.6
0.0
0.0
0.0
0.0
0.0
0.0
0.0
0.0
0.0
0.0
0.0
0.0
6.6
6.7
4.7
4.5
3.4
0.0
0.0
0.0
11.8
3.8
0.0
0.0
0.0
0.0
0.0
24.4
5.7
2.3
0.0
0.0
6.6
0.0
0.0
0.0
0.0
0.0
0.0
0.2
0.0
0.0
0.0
0.0
0.0
0.0
0.0
6.0
3.8
0.0
0.0
0.0
2.3
8.4
0.0
5.2
0.0
0.0
0.0
0.0
0.0
8.0
17.6
11.6
10.6
10.3
8.2
5.2
2.0
19.6
5.7
40.9
6.1
0.2
0.3
0.0
1.2
0.6
0.0
21.2
29.8
3.1
22.2
8.4
23.9
4.4
6.5
2.5
1.0
4.8
2.5
10.0
8.0
4.8
22.0
16.0
14.6
8.4
2.4
0.0
2.0
0.0
1.3
0.0
2.6
1.8
3.8
10.0
10.2
3.4
11.9
0.2
0.0
0.0
0.0
0.0
0.0
0.4
6.2
8.1
0.4
0.0
0.0
0.0
0.0
0.0
0.0
0.0
0.4
5.2
1.0
1.3
3.3
0.0
0.0
0.0
17.6
6.1
0.0
0.0
0.8
7.8
6.0
7.1
6.5
0.2
5.2
8.5
3.2
10.2
0.4
5.2
28.7
13.1
0.0
0.0
8.8
3.0
10.0
0.5
0.6
2.8
0.0
5.4
0.0
0.0
0.0
1.1
0.0
0.0
0.8
4.2
13.0
12.8
0.0
0.0
0.0
0.0
0.0
0.0
0.0
0.0
0.0
0.0
0.0
0.0
0.0
0.0
3.4
0.0
0.0
0.0
0.0
0.0
0.0
0.0
0.0
0.0
0.0
0.0
0.0
0.0
0.0
0.0
0.0
0.0
0.0
0.0
0.0
0.0
0.0
0.0
0.0
0.0
0.0
0.0
0.0
0.0
0.0
0.9
0.0
0.0
0.0
0.0
0.0
0.0
0.0
0.0
0.0
0.0
0.0
0.0
0.0
0.0
0.0
0.0
0.0
0.0
0.0
0.0
0.0
0.0
0.0
0.0
0.0
0.0
0.0
0.0
0.0
0.0
0.0
0.0
0.0
0.0
0.0
0.0
0.0
0.0
0.0
0.0
0.0
0.0
0.0
0.0
0.0
0.0
0.0
0.0
0.0
0.0
0.0
0.0
0.0
0.0
0.0
0.0
0.0
0.0
0.0
0.0
0.0
0.0
0.0
0.0
0.0
0.0
0.0
0.0
0.0
0.0
0.0
0.0
0.0
0.6
0.0
0.0
0.0
0.0
0.0
0.0
0.0
0.0
0.0
0.0
0.0
0.0
0.0
0.0
0.0
0.0
0.0
0.0
0.0
0.0
0.0
0.0
0.0
0.0
0.0
0.0
0.0
0.0
0.0
0.0
0.0
0.0
0.0
0.0
0.0
0.0
0.0
0.0
0.0
0.0
0.0
0.0
11.0
0.3
7.8
2.1
0.0
0.0
0.0
0.0
0.0
0.0
0.0
0.0
0.0
0.0
0.0
0.0
1.8
0.0
0.0
0.0
0.0
3.8
0.0
0.0
0.0
4.8
3.8
5.0
0.0
0.0
0.0
8.8
0.0
9.4
0.0
0.0
0.0
0.0
0.0
1.0
1.2
0.3
10.0
15.8
1.0
0.0
0.1
0.0
0.0
0.0
0.0
0.0
3.8
1.4
0.0
0.0
0.0
0.0
3.0
0.0
2.0
0.0
9.0
0.0
0.0
0.0
5.2
0.0
0.0
0.0
4.1
0.0
2.4
6.0
0.0
0.0
0.0
0.8
0.0
3.5
0.0
12.4
1.2
1.4
0.8
9.7
0.0
0.0
1.8
1.2
0.0
1.7
28.3
10.8
0.6
0.0
12.2
2.6