2.2
0.4
0.6
0.0
0.7
9.9
5.3
0.0
24.3
20.4
11.2
0.0
8.2
8.6
0.0
0.0
0.0
0.0
0.0
8.6
1.6
0.0
8.2
10.7
21.3
0.7
5.1
5.2
3.3
9.0
11.3
1.6
6.3
13.6
12.3
4.3
3.4
0.0
0.0
6.2
2.4
23.7
2.4
2.4
12.6
8.0
4.5
7.3
1.1
8.9
0.8
2.4
1.1
0.0
5.0
20.9
25.2
11.4
0.0
3.8
4.6
15.5
3.3
3.8
3.8
3.9
34.2
10.2
6.6
6.8
1.2
1.4
3.5
0.0
6.0
3.8
11.9
6.3
0.0
7.5
4.7
1.5
4.7
1.1
2.2
0.0
0.0
1.2
0.0
11.4
21.1
14.5
0.7
8.2
2.8
0.0
5.7
0.0
3.6
0.0
0.0
1.5
0.0
0.0
0.0
12.0
0.0
0.0
0.0
0.0
3.8
0.0
0.0
0.0
0.0
0.0
0.0
0.0
0.0
8.2
21.6
0.0
0.0
0.0
0.0
0.0
0.0
0.0
0.0
0.0
0.0
0.0
0.0
0.0
0.0
0.0
0.0
0.0
0.0
0.0
0.0
0.0
0.0
0.0
0.0
0.0
0.0
0.0
0.0
0.0
0.0
0.0
0.0
0.0
0.0
0.0
0.0
0.0
0.0
0.0
0.0
0.0
0.0
0.0
0.0
0.0
0.0
0.0
0.0
0.0
0.0
0.0
0.0
0.0
0.0
0.0
1.0
0.0
0.0
0.0
0.0
0.0
0.0
0.0
0.0
1.8
0.0
0.0
0.0
0.0
0.0
0.0
0.0
0.0
0.0
0.0
0.0
0.0
0.0
0.0
0.0
0.0
0.0
0.0
0.0
0.0
0.0
0.0
0.0
0.0
0.0
0.0
0.0
0.0
0.0
0.0
0.0
0.0
0.0
0.0
0.0
0.0
0.0
0.0
0.0
0.0
0.0
0.0
0.0
0.0
0.0
0.0
0.0
0.8
0.0
0.0
0.0
0.0
0.0
0.0
0.0
0.0
0.0
0.0
0.0
5.2
0.0
0.0
0.0
0.0
0.0
0.0
0.0
0.0
0.0
0.0
0.0
5.3
12.5
2.9
15.6
28.0
0.0
0.0
0.0
0.0
0.0
0.0
0.0
0.0
0.0
0.0
0.0
0.0
0.0
20.4
5.7
2.7
6.1
0.0
0.0
0.0
5.2
17.6
0.0
7.6
0.0
0.0
0.0
0.0
0.0
0.0
0.0
0.0
0.0
0.0
0.0
0.0
0.0
0.0
0.0
0.0
15.3
0.0
0.0
0.0
0.0
0.0
0.0
0.0
0.0
3.2
3.9
3.3
0.0
0.0
0.0
12.8
4.2
0.0
0.0
0.0
0.0
0.0
0.0
0.0
0.0
0.0
0.0
0.0
0.0
0.0
0.0
0.0
1.2
0.0
0.0
0.0
0.0
0.0
0.0
2.7
1.8
0.0
0.0
0.0
0.0
0.0
3.1
0.0
0.0
0.0
6.2
0.0
0.0
6.2
1.6
5.3
0.0
1.0
19.4
12.2
0.0
14.1
0.0
17.0
0.0
0.0
0.0
8.6
0.0
12.1
14.6
0.0
13.9
0.0
0.0
2.5
12.1
19.4
6.5
0.0
5.2
4.8
0.0
2.5
16.4
0.0
12.0
11.3
10.4
27.4
12.8
5.9
5.9
32.8
5.5
0.0
0.0
0.0
0.0
29.7
0.0
2.0
11.6
9.4
7.5
0.0
0.0
2.8
0.0
4.0
0.8
10.0
6.2
0.0
2.4
6.3
11.8
3.0
4.8
6.2
5.2
0.0
3.7
0.0
1.0
0.0
0.0
0.0
5.2
16.2
9.5
21.5
8.4
19.2
12.3
0.0
1.2
0.5
0.0
0.0
0.0
7.5
1.2
0.0
0.0
0.0
0.0
0.0
0.0
0.0
0.0
0.0
0.0
0.0
0.0
0.0
0.0
0.0
0.0
0.0
0.0
0.0
0.0
0.0
0.0
0.0
0.0
0.0
0.0
0.0
0.0
0.0
0.0
0.0
0.0
0.0
0.0
0.0
0.0
0.0
0.0
0.0
0.0
0.0
0.0
0.0
4.8
0.0
0.0
9.1
0.0
0.0
0.0
0.0
0.0
0.0
0.0
0.0
0.0
0.0
0.0
0.0
0.0
0.0
0.0
0.0
0.0
0.0
0.0
0.0
0.0
0.0
0.0
0.0
0.0
2.5
0.0
0.0
0.0
0.0
7.9
0.8
19.5
11.5
0.0
0.0
0.0
0.0
0.0
0.0
1.5
2.2
0.0
0.0
0.0
0.0
0.0
0.0
0.0
0.0
0.0
0.0
0.0
0.0
0.0
0.0
0.0
0.0
0.0
0.0
0.0
0.0
0.0
0.0
0.0
0.0
0.0
0.0
0.0
0.0
0.0
0.0
0.0
0.0
0.0
0.0
0.0
0.0
0.0
0.0
0.0
0.0
0.0
0.0
0.0
0.0
0.0
0.0
0.0
0.0
0.0
7.0
0.0
0.0
0.0
0.0
0.0
0.0
7.2
0.0
3.4
0.0
0.0
0.0
0.0
2.1
3.4
0.0
0.0
0.0
0.0
0.0
0.0
0.0
0.0
0.0
0.0
0.0
0.0
0.0
0.0
0.0
0.0
0.0
0.0
0.0
0.0
0.0
0.0
0.0
0.0
0.0
0.0
0.0
0.0
0.0
0.0
0.0
0.0
0.0
0.0
0.0
0.0
0.0
0.0
0.0
0.0
0.0
0.0
0.0
0.0
0.0
0.0
0.0
8.8
4.9
30.5
0.0
4.3
4.5
16.0
6.0
0.0
0.0
0.0
0.0
4.6
2.2
0.0
0.0
0.0
0.0
0.0
0.0
0.0
0.0
0.0
0.0
0.0
0.0
0.0
0.0
0.7
0.0
0.0
0.0
0.0
0.0
0.0
0.0
0.0
0.0
0.0
0.0
0.0
0.0
0.0
0.0
0.0
0.0
0.0
0.0
0.0
0.0
3.0
0.0
3.0
6.8
0.0
0.0
0.0
0.0
14.5
0.0
0.0
8.4
11.3
0.0
0.0
0.0
0.0
0.0
0.0
2.2
0.0
18.8
0.0
0.0
0.0
0.0
4.6
0.0
22.9
0.0
13.0
11.1
6.2
15.2
14.4
5.8
0.0
0.0
5.5
9.4
13.1
4.6
5.8
0.0
16.6
10.0
19.0
11.2
19.0
27.0
15.6
6.1
0.0
12.2
17.7
25.9
19.2
11.4
15.7
38.6
9.6
12.2
6.6
14.5
4.8
2.0
9.5
6.5
0.0
0.0
0.0
0.0
0.0
0.6
0.0
4.4
0.0
8.9
0.0
16.7
8.0
6.7
12.8
18.0
29.8
3.4
2.3
27.2
3.0
6.8
0.0
19.8
3.0
9.0
5.6
11.4
5.4
0.0
15.4
7.4
14.0
4.0
0.0
0.0
3.0
1.7
0.7
9.3
24.5
5.0
9.1
0.0
1.3
3.4
2.8
0.0
1.5
4.8
0.0
0.0
0.0
0.0
0.0
0.0
0.0
0.0
3.0
0.0
2.7
0.0
16.7
5.4
0.0
5.6
3.4
0.0
0.0
0.0
0.0
0.0
0.0
0.0
0.0
0.0
0.0
0.0
0.0
0.0
0.0
0.0
0.0
0.0
7.4
2.0
0.0
0.0
0.0
0.0
0.0
0.0
0.0
0.0
0.0
0.0
0.0
3.7
0.0
3.5
0.0
0.0
0.0
0.0
3.0
0.0
0.0
0.0
0.0
0.0
0.0
0.0
0.0
0.0
0.0
0.0
0.0
0.0
0.0
0.0
0.0
0.0
0.0
0.0
0.0
0.0
0.0
0.0
0.0
0.0
0.0
0.0
0.0
0.0
0.0
0.0
0.0
0.0
0.0
0.0
0.0
0.0
0.0
0.0
0.0
0.0
0.0
1.7
0.0
0.0
0.0
0.0
7.6
1.7
0.0
0.0
0.0
0.0
0.0
0.0
0.0
0.0
0.0
0.0
0.0
0.0
0.0
0.0
0.0
0.0
0.0
0.0
0.0
3.9
0.7
0.0
0.0
0.0
0.0
0.0
0.0
0.0
0.0
0.0
0.0
0.0
0.0
0.0
0.0
0.0
0.0
0.0
0.0
0.0
4.8
1.2
0.0
22.4
6.9
0.0
0.0
0.0
0.0
0.0
0.0
0.0
0.0
0.0
0.0
0.0
0.0
3.8
10.9
12.8
0.0
0.0
0.0
0.0
0.0
0.0
4.9
0.0
8.3
0.0
0.0
0.0
0.0
0.0
0.0
0.0
0.0
7.2
0.0
0.0
0.0
0.0
0.0
2.1
1.6
0.0
0.0
0.0
0.0
0.0
23.0
11.4
0.0
0.0
0.0
0.0
1.6
1.2
0.0
5.3
5.4
6.6
0.0
0.0
0.0
0.0
0.0
0.0
0.0
0.0
0.0
0.0
0.0
0.0
0.0
1.9
20.4
14.0
0.0
0.0
0.0
0.0
7.8
0.0
0.0
0.0
0.0
6.6
0.0
0.0
0.0
0.0
0.0
0.0
0.0
0.0
0.0
0.0
0.0
0.0
0.0
0.0
0.0
5.4
0.0
2.1
0.0
0.0
3.0
0.0
0.0
0.0
27.3
1.0
4.0
0.0
0.0
0.0
0.0
0.0
0.0
12.7
3.2
10.0
2.8
0.8
6.5
0.0
6.8
1.7
0.0
2.4
0.0
0.0
0.0
3.8
0.4
0.0
2.6
10.2
6.7
0.0
1.4
0.0
0.0
0.0
7.1
13.0
0.0
0.0
7.7
1.6
6.7
14.9
16.2
19.8
3.2
2.5
2.6
9.2
0.0
0.0
0.0
0.0
4.0
7.5
0.0
0.0
0.0
21.8
13.5
3.3
4.8
3.1
1.9
5.1
0.0
3.8
0.0
0.0
9.5
12.0
11.6
9.4
23.8
0.7
7.4
1.8
20.5
0.7
3.7
10.4
12.8
2.2
0.0
16.6
11.0
7.8
9.8
13.0
0.0
0.0
11.7
0.0
7.0
7.0
1.5
14.4
3.8
0.0
5.0
0.0
7.6
2.0
1.4
7.6
2.7
1.8
1.7
5.0
8.2
0.0
0.0
0.0
0.0
0.0
3.6
13.4
1.2
2.1
0.0
0.0
0.0
0.0
0.0
0.0
0.0
1.4
4.6
3.6
15.4
0.0
0.0
0.0
9.0
1.0
2.4
1.6
15.0
0.0
0.0
23.2
0.0
6.5
2.4
0.0
0.0
0.0
0.0
0.0
2.6
2.8
0.0
3.0
0.0
0.0
0.0
0.0
0.0
0.0
0.0
0.0
0.0
0.0
0.0
0.0
0.0
0.0
0.0
0.0
0.0
0.0
0.0
0.0
0.0
0.0
0.0
0.0
0.0
0.0
0.0
0.0
0.0
0.0
0.0
0.0
0.0
0.0
0.0
0.0
1.2
0.0
0.0
10.0
0.0
0.0
0.0
0.0
0.0
0.0
0.0
0.0
0.0
0.0
0.0
11.3
0.0
0.3
2.4
0.0
0.0
0.0
0.0
0.0
0.0
0.0
0.0
0.0
5.8
0.0
0.0
0.0
0.0
0.0
16.6
0.0
0.0
0.0
0.0
0.0
0.0
0.0
0.0
0.0
0.0
5.8
8.2
0.0
0.0
0.0
0.0
0.0
0.0
0.0
0.0
0.0
0.0
0.0
0.0
0.0
0.0
0.0
0.0
6.4
0.0
0.0
6.7
0.0
0.0
0.0
0.0
0.0
0.0
0.0
2.8
3.5
0.0
0.0
0.0
0.0
0.0
0.0
0.0
0.0
0.0
0.0
0.0
0.0
0.0
0.0
7.2
0.0
0.0
0.0
0.0
0.0
0.0
0.0
0.0
0.0
0.0
0.0
0.0
0.0
0.0
0.0
0.0
0.0
0.0
0.0
0.0
0.0
0.0
5.0
2.0
0.0
0.0
14.5
11.3
2.5
0.0
0.0
9.3
4.0
0.0
13.9
7.6
0.0
0.0
0.0
0.0
17.0
2.4
0.0
0.0
1.7
0.0
3.7
15.9
4.5
0.0
4.9
4.9
0.0
0.0
0.0
0.0
0.0
0.0
0.0
0.0
0.0
0.0
0.0
0.0
0.0
0.0
0.0
4.5
0.0
2.3
2.0
0.0
0.0
13.9
5.4
3.5
0.0
0.0
0.0
0.0
0.0
0.0
6.2
0.0
16.5
3.1
0.0
0.0
0.0
0.0
0.0
0.0
0.0
0.0
41.0
0.0
0.0
0.0
0.0
7.6
1.4
0.0
7.1
0.0
0.0
0.0
2.4
0.0
0.0
0.0
0.0
0.0
15.6
0.0
0.0
0.0
0.0
0.0
0.0
0.0
0.0
20.5
10.9
0.8
5.8
12.2
6.9
12.2
1.1
7.1
11.8
7.7
6.7
0.0
12.2
0.0
23.7
8.6
23.3
6.8
13.0
2.7
18.3
0.6
0.6
4.9
3.0
1.5
7.2
0.0
0.6
2.8
2.8
0.0
0.0
5.2
0.0
0.0
0.0
0.0
0.0
6.5
14.0
5.1
5.3
27.3
6.3
14.8
8.8
1.4
2.0
4.2
16.8
1.0
18.4
25.5
21.5
6.9
0.0
2.7
0.0
0.0
0.0
0.0
8.0
2.3
13.5
12.1
0.0
14.8
9.6
11.6
6.2
0.0
6.7
0.0
0.0
0.0
1.4
0.0
0.0
4.8
0.0
4.2
0.0
13.9
0.0
0.0
0.0
0.0
0.0
0.0
0.0
0.0
0.0
0.0
5.7
0.0
0.0
0.0
0.0
0.0
0.0
0.0
0.0
0.0
0.0
0.0
0.0
0.0
0.0
0.0
0.0
0.0
0.0
0.0
0.0
0.0
0.0
0.0
0.0
0.0
5.6
0.0
0.0
0.0
0.0
6.1
4.4
4.2
0.0
0.0
0.0
0.0
0.0
0.0
0.0
0.0
0.0
0.0
0.0
0.0
0.0
0.0
0.0
0.0
0.0
0.0
0.0
0.0
0.0
0.0
0.0
0.0
0.0
0.0
0.0
0.0
0.0
0.0
0.0
0.0
0.0
0.0
0.0
0.0
0.0
0.0
0.0
0.0
0.0
0.0
0.0
0.0
0.0
0.0
0.0
0.0
0.0
0.0
0.0
0.0
0.0
0.0
0.0
0.0
0.0
0.0
0.0
0.0
0.0
0.0
0.0
0.0
0.0
0.0
0.0
1.9
0.0
0.0
0.0
0.0
0.0
0.0
0.0
0.0
1.6
0.0
0.0
0.0
0.0
0.0
6.8
0.0
0.0
0.0
0.0
0.0
0.0
0.0
0.0
0.0
0.0
0.0
0.0
0.0
0.0
0.0
0.0
0.0
0.0
0.0
0.0
0.0
0.0
0.0
9.6
0.0
0.0
5.2
0.0
0.0
0.0
0.0
7.2
2.1
0.0
8.6
0.0
0.0
0.0
0.0
0.0
0.0
0.0
0.0
0.0
17.6
0.0
0.0
0.0
0.0
0.0
0.0
0.0
0.0
0.0
2.2
0.0
0.0
0.0
0.0
0.0
0.0
0.0
0.0
0.0
0.0
0.0
0.0
0.0
0.0
0.0
0.0
0.0
0.0
0.0
0.0
0.0
0.0
0.0
16.2
0.0
0.0
0.0
9.6
0.0
0.0
0.0
1.8
0.0
0.0
0.0
0.0
0.0
0.0
0.0
0.0
0.0
0.0
0.0
0.0
0.0
0.0
0.0
0.0
0.0
0.0
0.0
3.5
0.0
6.8
0.0
0.0
0.0
0.0
0.0
0.0
0.0
0.0
0.0
0.0
0.0
0.0
0.0
0.0
10.9
3.6
0.0
0.0
1.5
0.0
13.4
0.0
0.0
0.0
0.0
5.1
4.8
5.6
2.0
0.0
0.0
14.0
0.0
21.6
12.6
0.0
0.0
0.0
5.4
10.2
17.4
2.4
0.0
14.4
12.8
8.2
5.4
14.2
11.0
3.2
8.2
7.1
19.6
5.8
6.2
12.2
10.8
28.6
4.3
0.8
0.0
0.0
28.5
0.0
13.3
0.0
0.0
0.0
4.8
11.0
17.8
2.6
17.4
14.4
26.8
8.3
13.8
4.8
9.6
7.2
0.0
0.0
4.6
0.6
6.2
3.5
0.0
0.0
0.0
0.0
0.0
0.0
0.0
0.0
0.0
0.0
0.0
0.0
0.0
0.0
0.0
13.6
12.2
0.0
18.5
2.1
0.0
0.0
0.0
0.0
0.0
0.0
0.0
0.0
0.0
0.0
0.0
8.6
9.6
3.6
0.0
9.4
8.6
5.0
4.4
0.0
0.0
0.0
11.8
0.0
7.8
0.0
0.0
0.0
0.0
0.0
0.0
0.0
0.0
0.0
0.0
9.4
17.0
0.0
0.0
0.0
0.0
0.0
0.0
0.0
0.0
0.0
0.0
0.0
0.0
3.6
1.0
1.0
4.4
0.0
0.0
0.0
0.0
0.0
0.0
0.0
0.0
0.0
0.0
0.0
0.0
0.0
0.0
0.0
0.0
0.0
0.0
0.0
0.0
0.0
0.0
0.0
0.0
0.0
0.0
0.0
0.0
0.0
0.0
0.0
0.0
0.0
0.0
2.2
0.0
0.0
0.0
0.0
3.2
0.0
0.0
0.0
0.0
0.0
0.0
0.0
0.0
0.0
0.0
0.0
0.0
0.0
0.0
0.0
0.0
2.3
0.0
1.3
16.5
4.6
1.7
4.3
0.0
0.0
0.0
0.0
0.0
0.0
0.0
0.0
0.0
0.0
2.6
0.0
0.0
0.0
0.0
0.0
0.0
0.0
0.0
0.0
0.0
0.0
0.0
6.8
0.0
0.0
0.0
0.0
0.0
0.0
0.0
0.0
0.0
0.0
0.0
0.0
2.8
0.0
0.0
0.0
0.0
0.0
3.9
1.7
0.0
7.2
9.5
0.0
3.7
14.1
0.0
0.0
0.0
0.0
6.2
0.0
0.0
0.0
0.0
0.0
0.0
0.0
0.0
0.0
7.6
0.0
0.0
0.0
0.0
0.0
0.0
2.7
0.0
0.0
0.0
0.0
0.0
0.0
0.0
0.0
0.0
0.0
4.8
0.0
0.0
0.0
3.4
0.0
0.0
0.0
0.0
0.0
0.0
0.0
5.6
0.0
0.0
0.0
0.0
0.0
0.0
0.0
0.0
0.0
0.0
0.0
0.0
0.0
0.0
0.0
0.0
0.0
0.0
0.0
0.0
0.0
0.0
0.1
0.0
0.0
0.0
0.0
6.1
5.4
0.0
0.0
0.0
0.0
0.0
0.0
0.0
0.0
0.0
0.0
6.6
0.0
0.0
0.0
0.0
0.0
0.0
0.0
0.0
0.0
0.0
0.0
0.0
0.0
3.0
0.0
0.0
0.0
0.0
0.0
0.0
2.6
0.0
0.0
0.0
0.0
6.4
9.0
1.2
3.6
0.0
2.6
1.0
3.1
0.0
1.7
0.0
0.0
0.0
0.0
12.3
5.0
6.8
8.0
11.2
0.0
3.0
2.8
0.0
0.0
9.9
1.5
0.0
6.0
13.3
21.6
4.2
0.0
4.6
2.0
0.7
0.0
0.0
10.6
10.9
0.0
0.0
0.0
0.0
0.0
0.0
0.0
0.0
0.0
0.0
2.2
21.4
1.3
0.0
0.0
0.0
9.6
3.6
13.4
8.2
8.5
28.1
2.7
14.2
0.0
4.0
6.6
8.2
4.2
4.6
10.6
17.2
15.8
5.5
1.5
0.5
0.0
0.0
0.0
0.0
3.6
0.0
0.0
0.0
0.0
0.0
5.2
11.4
3.2
2.2
0.0
0.0
0.0
0.0
0.0
0.0
0.0
0.0
0.0
11.9
8.1
6.6
0.0
0.0
0.0
7.6
12.2
2.8
0.0
0.0
17.4
10.0
0.0
0.0
14.4
2.2
0.0
3.0
0.0
0.0
0.0
1.7
0.0
0.0
0.0
0.0
0.0
0.0
0.0
0.0
0.0
0.0
4.5
0.5
0.0
0.0
0.0
0.0
0.0
0.0
0.0
0.0
0.0
0.0
0.0
0.0
0.0
0.0
0.0
0.0
0.0
0.0
0.0
0.0
0.0
10.5
0.0
0.0
0.0
0.0
0.0
0.0
0.0
0.0
0.0
0.0
0.0
0.0
0.0
0.0
0.0
0.0
0.0
0.0
0.0
0.0
0.0
0.0
0.0
0.0
0.0
0.0
0.0
0.0
0.0
0.0
0.0
0.0
0.0
0.0
0.0
0.0
0.0
0.0
0.0
0.0
0.0
0.0
0.0
0.0
0.0
0.0
0.0
0.0
0.0
0.0
0.0
0.0
0.0
0.0
0.0
0.0
0.0
0.0
0.0
0.0
0.0
0.0
0.0
0.0
0.0
0.0
0.0
0.0
0.0
0.0
0.0
0.0
0.0
0.0
0.0
0.0
0.0
0.0
0.0
0.0
0.0
0.0
1.7
0.0
0.0
0.0
0.0
0.0
0.0
0.0
0.0
0.0
0.0
0.0
0.0
0.0
0.0
0.0
0.0
0.0
0.0
0.0
0.0
0.0
0.0
0.0
0.0
0.0
0.0
0.0
0.0
0.0
0.0
0.0
8.5
0.0
0.0
2.2
0.0
0.0
5.0
1.3
1.2
0.0
0.5
1.8
0.0
0.0
0.0
0.0
0.0
0.0
0.0
0.0
0.0
4.4
0.0
0.0
0.0
5.3
0.7
0.0
0.0
27.2
4.6
9.8
0.0
3.6
0.0
0.0
6.5
8.2
6.1
0.0
0.0
0.0
0.0
0.0
0.0
0.0
0.0
0.0
0.0
0.0
0.0
0.0
0.0
0.0
0.0
0.0
0.0
0.0
0.0
2.6
14.2
0.0
21.0
0.0
3.6
5.5
0.0
0.0
1.0
0.0
0.0
4.3
2.8
0.0
4.4
5.2
0.0
10.2
13.3
0.0
0.0
0.0
0.0
0.0
0.0
0.0
0.0
0.0
0.0
2.6
0.0
0.0
0.0
4.0
0.0
0.0
0.0
0.0
17.5
0.7
0.0
0.0
0.0
0.0
0.0
0.0
0.0
3.8
24.2
0.0
18.0
21.0
2.5
5.5
0.0
0.0
0.0
24.7
1.7
0.0
0.0
0.0
0.0
0.0
14.1
13.8
8.5
7.7
7.8
9.0
8.0
7.4
2.2
0.0
7.4
3.6
8.8
20.1
8.8
24.0
24.5
6.9
0.9
0.0
0.0
7.0
0.0
0.0
6.6
0.0
0.0
1.2
13.5
12.2
12.5
10.8
7.4
0.0
0.0
0.0
0.0
0.0
0.0
14.9
21.5
0.0
0.0
0.0
0.0
0.0
0.0
0.0
0.0
3.2
4.6
0.0
0.0
0.0
0.0
0.0
0.0
0.0
0.0
0.0
0.0
0.0
0.0
6.2
17.5
3.5
1.1
3.9
16.5
1.6
5.8
13.8
16.6
3.5
13.6
2.0
5.2
1.8
5.5
2.7
7.5
3.5
0.7
12.1
11.5
3.4
3.2
0.0
0.0
0.0
0.0
0.0
0.0
5.1
10.8
3.6
2.4
0.0
0.0
0.0
0.0
0.0
0.0
0.0
0.0
0.0
0.0
0.0
0.0
0.0
0.0
0.0
0.0
0.0
0.0
0.0
0.0
0.0
0.0
0.0
0.0
0.0
0.0
0.0
0.0
0.0
0.0
0.0
0.0
0.0
0.0
0.0
0.0
0.0
0.0
0.0
0.0
0.0
0.0
0.0
0.0
0.0
0.0
0.0
0.0
0.0
0.0
0.0
0.0
0.0
0.0
0.0
0.0
0.0
0.0
0.0
0.0
0.0
0.0
0.0
0.0
0.0
0.0
0.0
0.0
0.0
0.0
0.0
0.0
0.0
0.0
0.0
0.0
0.0
0.0
0.0
0.0
0.0
0.0
0.0
0.0
0.0
0.0
0.0
0.0
0.0
0.0
0.0
0.0
0.0
0.0
0.0
0.0
0.0
0.0
0.0
0.0
0.0
0.0
0.0
0.0
0.0
0.0
0.0
0.0
0.0
0.0
0.0
0.0
0.0
0.0
0.0
2.2
0.0
0.0
0.0
0.0
0.0
0.0
0.0
0.0
0.0
0.0
0.0
0.0
0.0
0.0
0.0
0.0
0.0
14.2
0.0
0.0
0.0
0.0
0.0
0.0
0.0
0.0
0.0
0.0
0.0
0.0
0.0
0.0
0.0
0.0
0.0
0.0
0.0
0.0
0.0
0.0
0.0
0.0
0.0
0.0
0.0
12.2
0.0
0.0
0.0
0.0
0.0
0.0
0.0
0.0
0.0
0.0
0.0
0.0
0.0
16.8
0.0
0.0
0.0
0.0
0.0
0.0
0.0
0.0
0.0
0.0
0.0
0.0
5.8
24.8
0.0
5.6
4.4
0.0
7.6
12.8
0.0
0.0
0.0
0.0
0.0
6.6
1.8
15.2
8.3
2.6
4.5
6.4
0.0
0.0
0.0
0.0
0.0
2.4
0.0
0.0
0.0
0.0
0.0
3.5
0.0
16.2
0.0
9.2
0.0
0.0
12.8
13.8
0.0
0.0
0.0
0.0
0.0
0.0
0.0
0.0
0.0
0.0
6.4
0.0
0.0
0.0
17.6
3.8
0.0
11.2
2.6
0.0
0.0
0.0
0.0
0.0
0.0
14.4
3.0
0.0
0.0
12.6
1.0