0.00
1.20
22.10
13.60
28.20
2.30
14.40
3.80
0.00
0.00
0.00
0.00
5.70
8.20
0.00
0.00
0.00
6.70
2.20
32.40
13.00
0.00
25.10
10.20
5.80
3.00
15.60
18.60
16.70
1.40
0.50
12.80
8.70
30.80
12.50
9.10
17.00
22.00
10.00
3.00
3.50
69.60
0.00
1.30
17.80
6.80
14.50
40.30
0.50
4.10
1.50
17.50
3.70
0.00
4.80
2.50
2.30
4.10
0.00
10.60
0.00
2.90
1.30
2.00
0.40
1.30
0.00
10.40
32.40
1.70
6.20
7.30
0.00
10.60
0.30
0.00
38.50
22.20
0.70
4.50
1.10
2.80
1.10
0.40
20.10
0.00
0.00
0.70
2.60
40.40
3.00
6.00
7.20
8.00
0.00
59.60
0.30
3.30
0.50
0.00
0.00
7.50
0.90
15.60
0.00
16.70
0.00
0.00
0.00
0.00
0.00
0.00
0.30
0.00
0.00
0.00
43.90
8.50
5.50
0.00
4.20
4.50
8.70
3.20
1.60
1.00
0.00
0.00
10.00
6.00
5.60
3.50
3.10
9.30
5.70
2.80
2.50
11.90
5.30
0.00
0.00
0.00
0.00
0.00
0.00
3.10
2.30
0.00
0.50
1.10
1.10
0.60
0.00
0.00
3.00
0.50
0.00
0.40
0.50
3.50
8.60
1.80
1.20
0.00
0.00
0.00
2.90
0.50
0.00
1.80
0.50
0.00
0.00
0.00
0.00
0.00
0.50
2.00
0.00
0.00
3.00
0.00
4.30
0.00
2.10
0.00
0.00
0.00
0.00
0.00
0.00
0.00
0.00
3.20
0.40
6.80
12.30
14.40
5.20
2.10
0.40
1.50
8.50
0.00
0.00
0.00
0.00
0.00
0.00
0.00
6.90
0.00
0.00
0.00
0.00
0.00
0.00
0.00
9.20
1.90
0.00
0.00
0.00
0.40
0.00
3.60
0.00
0.00
0.00
0.00
0.00
0.00
0.00
0.00
0.00
0.00
0.30
0.00
0.00
0.00
0.00
0.00
0.00
0.00
0.00
0.00
0.00
0.00
0.00
0.00
0.00
0.00
0.00
0.00
0.00
1.20
0.00
20.60
4.00
1.00
0.00
10.40
0.70
18.30
2.30
0.30
21.60
12.10
0.40
0.40
8.50
17.20
0.00
0.00
5.00
0.70
0.00
0.00
0.00
0.00
0.00
0.60
0.00
0.00
34.00
9.20
0.00
0.00
0.00
0.00
5.70
0.00
0.00
0.00
0.00
0.00
0.00
0.00
0.00
0.00
5.00
1.20
4.70
0.00
0.00
1.50
41.10
0.00
0.00
26.60
0.00
4.20
10.60
0.50
0.00
0.60
5.80
6.20
23.60
6.50
0.00
0.00
8.10
0.00
3.10
6.80
1.40
0.00
1.50
11.30
1.50
1.80
0.00
0.00
0.00
31.20
0.80
0.40
0.00
17.30
7.00
0.00
14.50
0.00
3.00
1.70
0.00
3.50
23.90
2.50
0.00
0.00
0.00
0.00
5.60
18.80
0.00
4.80
2.00
13.50
0.00
6.30
0.00
14.10
12.80
0.20
0.00
0.00
28.50
105.10
2.80
1.50
2.50
4.70
0.00
2.70
0.00
1.50
2.40
3.70
5.20
0.00
2.70
8.90
10.40
1.70
5.50
3.40
15.70
2.40
15.10
4.30
12.80
2.30
4.70
15.60
0.00
1.00
1.20
23.60
5.00
9.70
4.00
2.70
0.50
0.00
0.50
0.00
0.50
1.40
1.40
1.10
0.00
0.60
2.90
0.00
0.00
4.50
11.70
15.20
23.40
1.10
0.00
2.40
2.40
0.00
0.00
0.00
0.00
0.50
4.10
9.40
17.90
2.30
3.10
1.10
2.50
1.50
14.30
0.00
0.60
0.00
8.90
3.10
0.00
0.70
9.30
0.40
0.30
0.00
0.00
0.00
0.00
5.60
0.00
0.60
0.00
0.00
0.00
4.60
4.10
0.50
0.50
1.40
0.00
4.30
0.00
0.00
0.00
0.00
0.00
20.10
0.00
30.10
0.00
0.00
0.00
0.00
2.20
0.00
0.00
0.00
0.00
15.40
0.40
0.00
1.00
2.60
3.10
9.60
0.40
6.50
0.00
0.60
0.00
0.00
0.00
0.00
0.80
0.00
0.00
0.00
16.10
0.00
0.00
0.00
0.00
0.00
0.00
0.00
0.00
0.80
0.00
0.00
0.00
9.10
1.50
9.90
1.20
0.00
1.00
7.50
0.90
3.60
10.90
2.30
0.00
0.40
0.00
1.30
0.00
0.00
0.00
5.30
0.00
0.50
0.00
0.00
0.00
0.00
0.00
0.00
1.50
0.00
0.00
0.00
0.00
0.50
0.00
3.50
2.00
4.30
0.00
0.00
1.40
3.00
1.50
0.70
1.00
0.00
0.00
0.00
3.70
0.00
0.00
6.50
1.80
3.00
10.30
18.30
0.00
0.00
0.00
0.00
0.00
0.00
1.00
2.00
0.40
0.00
36.30
6.50
0.50
0.00
0.00
1.00
0.00
1.30
6.70
0.00
0.00
0.00
0.00
0.00
0.00
0.00
0.00
0.00
0.00
0.00
0.00
5.00
7.80
8.90
5.10
9.40
15.00
4.50
14.30
9.10
21.00
4.00
0.00
0.00
0.00
0.00
1.00
4.50
0.00
0.00
0.70
0.00
4.80
4.00
0.00
0.00
0.00
0.40
0.00
9.30
2.70
0.00
11.50
0.00
0.00
0.00
0.00
0.00
0.00
0.00
5.40
0.60
0.00
6.10
11.60
0.50
24.10
0.00
1.60
0.00
0.00
0.00
1.10
12.60
5.50
1.00
44.20
0.00
1.10
10.30
0.00
0.50
31.30
6.10
1.30
0.00
6.60
2.60
2.50
0.80
0.00
0.80
0.50
0.00
1.40
2.50
0.00
0.00
5.70
4.20
0.00
0.00
0.00
57.00
6.60
1.70
0.80
0.00
0.00
0.00
10.50
0.00
0.00
3.30
16.50
1.20
0.40
1.50
19.30
8.20
3.30
2.20
0.00
11.30
11.20
0.60
22.10
23.70
5.60
44.80
5.20
1.00
1.70
0.00
4.30
0.70
0.00
0.00
0.00
3.80
18.90
7.80
0.00
1.50
0.00
0.60
2.90
4.70
2.10
1.40
4.60
0.00
0.00
0.00
34.00
0.60
7.80
10.50
8.40
10.90
22.10
17.70
1.00
7.80
17.70
0.00
8.20
6.10
5.30
11.40
12.30
14.20
4.50
18.40
30.10
1.00
2.30
6.70
0.00
0.00
1.20
2.50
2.20
1.00
4.20
13.50
1.00
0.50
4.00
0.00
0.00
0.00
1.50
7.90
1.30
28.10
9.60
27.20
1.00
2.80
3.00
1.00
0.00
27.40
0.00
1.30
0.00
46.50
23.70
4.70
0.70
2.60
1.30
0.00
13.50
7.80
0.80
31.50
1.80
1.80
6.50
17.50
13.00
2.10
1.30
0.50
0.00
1.40
40.30
0.50
1.30
1.50
0.70
4.80
1.00
6.70
3.10
38.90
6.50
0.00
0.00
1.30
3.00
2.50
2.20
0.00
23.40
8.50
3.20
7.50
0.00
0.00
1.40
0.50
0.00
0.00
1.40
0.00
0.00
1.40
0.80
1.20
0.00
10.80
6.00
0.00
0.00
0.50
0.00
26.10
0.00
0.00
16.30
0.00
0.00
3.40
0.00
0.00
0.00
3.30
0.00
3.90
6.80
2.70
0.00
0.00
0.00
0.00
0.00
0.00
0.00
0.00
1.50
17.80
1.20
5.40
0.00
0.40
1.20
2.70
0.70
0.00
0.00
1.50
0.00
0.00
0.00
1.00
14.00
0.00
1.40
2.30
1.30
0.00
0.00
0.30
0.00
0.40
4.70
0.00
0.00
0.00
0.00
0.00
0.00
0.00
1.00
3.70
0.00
0.00
0.00
0.00
0.00
0.40
0.00
0.00
12.00
12.50
1.60
0.00
0.00
0.00
2.00
4.10
0.00
1.90
0.00
0.40
2.30
0.00
0.00
0.00
0.00
0.00
1.00
1.60
4.00
28.30
4.50
0.00
0.00
0.00
0.00
0.00
0.00
0.00
0.00
0.00
13.50
0.00
0.00
0.00
0.00
0.00
0.00
0.00
0.00
14.30
0.00
0.00
1.20
4.50
4.20
0.00
0.50
0.00
0.00
0.00
0.00
0.00
14.30
0.00
0.00
0.00
11.20
0.00
0.00
1.00
2.80
0.00
0.00
0.00
10.20
0.00
0.00
0.00
0.00
20.50
9.80
7.20
0.00
0.00
0.00
10.50
1.20
0.00
0.00
0.00
0.00
9.60
0.00
0.00
3.10
0.00
0.60
17.80
0.00
0.00
0.00
0.40
0.00
1.80
6.40
0.00
14.90
14.40
0.00
13.70
6.60
26.30
20.20
0.00
0.00
0.00
3.10
0.00
0.00
0.00
2.10
0.00
0.00
0.00
27.50
64.10
0.00
11.10
34.80
15.80
22.50
0.40
5.60
0.00
8.10
1.50
0.40
0.30
1.00
2.10
5.30
2.90
8.90
12.50
0.00
0.00
0.00
25.10
10.70
0.00
3.10
3.50
0.30
3.30
12.10
3.50
7.50
2.00
0.00
1.00
38.30
0.00
0.00
1.50
9.50
0.00
4.70
0.00
10.30
0.00
0.00
6.20
0.00
0.00
2.10
6.30
1.80
0.00
48.30
5.20
0.00
12.10
42.30
0.50
9.50
0.80
0.00
26.10
4.90
0.80
36.30
12.90
0.00
20.10
1.30
2.50
1.80
0.00
0.00
0.00
0.00
45.50
1.20
12.90
6.70
0.00
5.60
3.00
18.80
1.50
1.00
1.50
0.50
0.00
0.00
1.70
3.70
6.10
0.00
7.30
2.70
44.00
27.60
0.80
37.00
2.40
2.50
0.00
0.90
2.60
10.80
25.80
5.10
0.60
2.30
16.50
0.00
5.60
10.80
2.80
4.10
17.80
6.30
0.00
16.30
3.20
0.00
0.00
0.00
12.00
3.50
6.70
0.60
15.90
0.80
5.30
0.00
6.60
2.20
2.30
5.20
2.60
2.00
22.80
0.50
14.00
1.50
0.50
0.00
0.00
2.20
0.00
0.00
2.10
11.60
0.00
6.90
10.50
6.10
0.00
2.10
0.00
5.40
0.00
0.00
0.00
0.00
0.00
10.10
42.40
13.20
8.30
0.00
0.00
11.60
14.00
0.00
3.60
0.80
0.00
0.50
0.00
0.00
41.50
5.00
0.00
0.90
0.00
3.10
0.00
0.00
0.00
0.00
0.40
19.30
0.00
24.20
1.00
0.00
0.30
1.00
2.30
1.10
1.20
0.00
0.00
0.80
0.00
3.60
2.00
0.00
0.00
0.00
0.00
3.00
2.40
4.50
27.00
0.60
0.00
6.60
0.80
1.50
1.20
0.00
2.00
1.60
1.20
7.50
1.80
2.90
12.10
29.20
1.60
0.00
0.00
4.20
0.00
0.00
0.80
0.00
0.00
0.00
0.00
0.00
0.00
0.00
0.00
0.00
0.00
0.00
4.20
24.80
3.20
1.20
1.50
0.00
1.20
0.00
0.00
0.00
0.00
0.50
0.00
0.00
1.50
11.60
0.00
0.00
0.00
1.20
0.00
0.00
1.40
0.00
3.00
9.80
0.00
0.00
0.00
0.00
0.00
0.00
0.00
1.30
0.00
0.00
0.00
5.60
0.00
0.00
0.00
0.00
0.00
0.00
0.00
0.00
0.00
0.00
28.10
0.00
1.30
0.00
1.50
6.10
0.00
0.00
0.00
0.00
2.00
4.20
0.00
0.00
0.00
0.00
1.20
4.70
3.10
0.00
0.00
3.70
0.00
0.00
0.00
0.00
0.00
26.10
0.00
0.00
0.00
0.40
2.90
0.00
0.00
3.70
0.00
34.10
0.00
0.00
0.00
0.00
10.50
0.00
0.00
0.40
0.00
23.60
3.70
35.70
0.00
0.00
1.00
2.30
0.00
1.70
2.80
0.00
2.50
0.70
0.00
0.00
1.30
0.00
0.00
1.20
0.00
0.00
11.30
0.00
1.20
16.50
3.40
0.00
0.00
1.00
43.70
0.50
0.00
0.00
1.20
0.00
32.10
1.20
0.00
7.50
0.00
8.70
2.60
1.50
1.30
0.00
0.00
4.70
7.50
8.50
14.70
24.20
3.30
2.70
0.00
3.30
1.40
8.20
5.20
55.40
0.00
55.60
0.00
1.00
1.40
4.50
21.20
11.40
0.00
0.00
6.70
1.80
0.00
0.00
23.80
0.00
9.80
0.00
1.00
0.40
0.00
2.60
0.00
0.00
0.00
0.00
34.10
0.00
0.30
5.30
1.50
6.50
0.80
2.00
0.00
8.50
0.00
0.00
35.20
0.40
5.70
14.10
5.60
0.00
0.40
16.30
12.60
5.90
28.80
1.30
0.30
17.40
2.20
8.40
2.70
0.00
0.00
0.00
10.30
0.30
18.10
17.20
6.30
38.10
9.80
1.70
1.70
0.30
0.00
0.00
0.30
18.10
4.50
5.40
1.50
0.00
0.00
0.00
0.00
15.30
0.40
6.10
0.70
21.50
44.10
3.80
21.70
17.10
1.50
1.30
33.20
24.70
0.50
3.00
4.50
0.00
1.70
5.70
6.80
37.90
8.90
5.30
4.60
10.80
5.80
23.50
1.10
5.30
1.10
0.00
0.00
0.00
0.00
5.30
4.90
5.30
2.70
9.60
0.00
1.50
7.60
0.00
2.40
0.00
1.90
0.70
0.00
49.20
0.00
0.00
0.00
0.00
0.00
14.70
0.60
1.20
4.90
0.00
0.00
0.00
0.00
1.20
0.00
0.00
0.00
0.00
0.00
0.00
0.50
22.00
0.00
3.50
13.10
0.00
0.00
0.00
0.00
0.00
0.00
0.00
0.00
0.20
0.60
0.70
0.00
35.70
5.60
0.00
0.00
1.20
0.60
1.10
4.30
0.00
0.00
0.00
10.10
1.20
0.00
0.40
1.90
4.70
2.10
0.00
0.00
0.00
0.60
2.40
0.00
0.00
0.00
0.00
0.00
0.00
0.00
0.00
0.00
15.70
0.00
0.00
0.00
0.00
0.00
0.00
0.00
0.00
0.00
0.00
0.00
0.00
0.00
0.00
0.00
0.00
0.00
0.00
0.00
2.10
4.30
3.40
0.00
0.00
0.00
0.00
1.70
0.00
0.00
0.00
0.00
0.00
0.00
0.00
1.30
8.00
5.30
0.00
0.00
0.00
0.00
0.00
0.60
3.80
4.00
1.50
2.00
10.90
0.60
0.50
4.30
7.30
0.00
0.00
0.00
0.00
13.20
0.00
0.00
0.00
0.00
0.00
0.00
18.60
6.90
14.50
9.10
0.00
0.00
0.00
0.00
0.00
0.00
0.00
0.00
0.00
0.00
0.00
0.00
0.00
1.50
12.80
2.30
0.00
0.00
0.00
0.00
7.20
6.20
0.00
0.00
0.00
0.00
0.00
2.60
0.00
0.00
0.60
0.00
0.00
9.80
0.00
0.00
0.00
6.80
3.50
1.20
0.00
2.00
0.00
0.00
0.50
1.20
2.30
4.30
0.00
0.00
0.00
0.00
13.40
0.00
0.00
1.00
0.00
0.00
7.50
0.00
0.00
0.00
32.20
0.00
0.00
3.60
0.00
20.00
0.00
0.00
0.00
26.30
0.00
0.00
0.00
2.60
9.80
31.20
0.00
27.90
1.00
0.50
2.30
0.00
0.00
0.00
0.00
0.00
0.00
0.00
0.00
0.00
0.00
30.40
0.50
0.00
0.00
0.00
0.00
5.40
25.40
0.00
0.00
0.00
1.90
25.10
0.50
12.60
17.80
1.60
0.50
1.70
26.50
8.40
2.00
25.80
1.50
0.00
20.80
1.20
0.00
5.30
0.00
46.70
23.50
25.70
16.40
0.00
1.90
0.70
0.00
11.20
11.10
6.80
1.70
22.70
3.20
10.50
0.00
0.00
6.20
22.10
2.70
0.00
0.00
0.00
1.90
0.50
2.30
3.10
0.60
1.20
0.00
0.00
2.10
2.60
7.50
6.60
0.00
0.00
18.40
0.00
12.20
0.00
13.50
3.70
0.00
0.00
1.20
0.00
10.50
20.50
8.30
0.00
0.00
0.00
0.00
4.70
6.00
0.00
0.00
0.00
0.00
0.00
0.00
0.00
0.00
0.00
0.00
0.00
22.70
1.00
0.90
0.00
6.00
0.00
3.00
0.00
12.50
0.00
0.00
0.60
15.00
0.50
0.00
22.10
12.50
0.00
15.30
9.80
4.50
9.60
1.80
17.80
3.70
0.00
0.70
4.30
0.00
0.00
0.30
0.00
0.00
0.00
0.40
0.00
11.70
0.00
6.30
2.40
0.00
0.00
0.00
16.50
5.80
3.50
12.80
4.90
3.70
7.30
0.80
1.80
11.00
0.00
0.00
0.00
0.00
0.00
0.00
0.00
0.00
1.80
11.00
3.10
0.00
0.00
4.80
0.00
0.00
0.50
0.00
1.30
3.50
0.00
0.00
0.00
0.00
0.00
0.00
0.00
4.20
27.70
16.10
1.50
0.00
0.00
0.00
0.00
3.60
2.60
1.30
0.50
0.00
0.00
0.00
1.40
5.80
4.70
1.60
10.30
9.00
3.20
0.00
0.00
0.00
0.00
0.00
0.00
0.00
0.00
0.80
5.20
3.70
0.50
6.10
3.40
0.00
1.20
0.00
0.00
0.00
1.50
0.00
1.00
3.20
0.30
1.20
1.70
0.00
5.30
0.00
0.00
0.00
0.00
0.00
16.70
2.60
0.00
0.00
0.00
0.00
0.00
0.00
0.00
0.00
0.00
0.00
2.10
17.30
0.80
0.00
0.00
0.00
0.00
0.00
0.00
8.50
3.30
0.00
0.00
0.00
0.00
0.00
0.00
0.00
0.00
0.00
2.40
0.00
0.00
1.40
3.10
1.30
18.50
14.00
0.00
0.00
0.00
0.00
0.00
13.40
0.00
4.10
0.00
0.00
0.00
2.30
0.00
0.00
21.70
12.00
0.00
0.00
0.00
0.00
0.00
0.00
0.00
0.00
0.00
0.00
0.00
0.00
0.00
0.00
0.00
0.00
20.30
0.00
1.00
11.50
15.80
8.70
1.60
3.30
4.30
9.40
0.70
0.00
0.00
0.00
0.00
25.70
2.30
0.50
20.60
0.50
3.00
1.70
1.50
12.70
0.00
0.00
8.90
0.00
0.00
2.50
2.10
2.80
0.00
0.00
0.00
6.10
0.00
0.50
0.00
0.00
0.00
11.40
2.50
0.00
0.00
0.00
8.50
1.10
0.00
1.30
3.90
5.60
12.70
7.20
8.20
0.40
24.60
0.00
7.10
35.50
0.00
0.40
0.30
23.60
0.30
5.60
1.00
0.00
2.90
2.50
0.00
2.50
0.00
2.50
10.50
8.10
0.00
3.80
2.10
4.20
18.50
2.30
3.10
2.70
0.00
24.30
0.00
31.30
0.40
0.00
53.10
3.50
5.80
8.50
9.10
0.00
0.00
5.20
7.50
17.50
0.00
4.00
2.00
1.70
14.20
0.70
0.00
0.00
32.50
27.80
7.50
8.90
44.50
0.00
1.00
0.00
6.30
0.00
0.00
9.40
2.00
26.10
11.30
0.00
0.00
0.00
11.00
17.50
2.00
5.00
1.90
0.60
1.40
31.90
0.00
26.50
50.10
0.00
2.90
0.30
0.80
30.00
10.20
11.30
0.00
0.00
0.00
0.50
3.80
1.60
8.50
2.30
0.00
2.20
1.40
1.30
25.00
1.20
0.00
0.00
0.00
0.00
0.30
0.50
11.00
1.50
14.00
1.20
12.50
37.00
0.00
0.00
0.00
2.50
0.00
0.00
0.00
4.00
2.50
5.00
0.00
5.80
0.00
14.00
2.10
0.00
16.20
5.00
5.00
39.60
0.40
0.00
0.00
0.00
0.00
0.00
0.00
0.00
13.00
0.50
0.00
0.00
6.50
0.00
1.80
0.00
4.80
0.00
0.30
0.00
0.30
1.40
0.00
0.00
0.00
0.60
0.00
0.00
0.00
0.00
0.00
0.00
0.60
4.10
3.90
0.00
0.00
0.00
0.30
0.00
0.70
0.00
0.00
0.00
0.00
0.00
1.10
3.50
2.10
1.30
1.30
11.20
0.00
0.00
0.00
0.00
0.70
2.30
0.30
0.00
0.00
0.00
1.30
0.30
0.00
10.00
3.50
0.00
3.70
0.50
0.00
0.00
0.00
0.00
0.00
0.00
0.60
0.00
0.00
0.00
0.00
0.00
0.00
0.00
0.00
0.00
0.00
0.00
0.00
0.00
0.00
0.00
1.00
0.00
0.00
0.00
0.00
0.00
0.00
0.00
0.00
0.00
0.00
0.00
7.10
0.50
0.00
0.00
3.60
8.40
0.30
0.50
0.00
0.00
0.00
0.00
0.00
0.00
0.00
0.00
0.00
0.00
0.00
1.30
0.60
0.40
0.00
0.00
0.00
0.00
0.00
0.00
0.00
0.00
0.00
0.00
0.00
0.00
0.00
0.00
0.00
0.00
5.60
0.00
0.00
0.00
0.00
0.00
0.00
0.80
2.00
0.00
0.00
0.00
0.00
0.00
8.50
13.50
0.00
0.00
0.30
8.30
2.70
0.00
0.00
0.00
0.00
0.00
0.00
0.00
0.00
0.00
0.00
0.00
29.10
1.60
0.00
0.00
13.70
0.00
0.00
0.00
0.00
0.00
0.00
6.70
0.00
11.30
4.50
0.00
8.00
9.20
0.40
5.10
8.00
0.30
5.20
23.00
2.10
0.00
0.00
2.00
34.30
7.60
0.70
3.20
10.00
1.40
0.00
82.30
8.50
0.00
0.00
0.00
0.00
26.30
4.30
14.60
5.30
0.00
0.00
22.50
0.00
2.30
0.00
0.00
0.00
1.00
1.30
8.50
0.00
0.30
7.40
5.00
19.50
12.00
1.30
6.70
3.00
0.00
6.60
5.50
11.30
6.90
0.40
1.20
2.50
0.60
2.70
2.30
6.20
0.30
0.00
31.80
53.60
12.50
45.70
0.50
0.00
0.50
5.30
0.00
0.00
5.60
1.70
2.30
10.60
27.30
10.10
22.10
43.30
5.60
12.70
16.50
18.50
13.50
0.30
0.00
0.00
2.80
16.30
3.70
6.60
0.50
14.10
16.60
2.10
41.50
0.00
1.60
15.50
15.00
59.00
11.00
10.10
0.30
0.30
40.20
4.30
0.00
1.70
0.00
9.50
0.00
1.50
2.00
0.30
27.70
2.00
0.00
0.30
0.00
1.80
2.70
1.30
15.20
3.50
10.50
0.00
2.50
0.50
0.00
0.00
0.00
0.00
0.00
9.50
3.30
5.30
1.20
22.30
8.00
11.30
7.80
12.30
0.50
2.50
0.00
0.00
0.00
7.50
0.00
41.00
0.70
0.00
0.00
0.60
0.40
0.00
0.40
10.50
1.20
13.60
0.00
1.20
15.20
0.00
2.50
1.60
0.00
3.50
0.00
10.20
2.00
20.30
3.00
47.70
58.60
2.00
0.00
5.90
7.50
2.30
0.00
0.00
11.70
14.10
7.10
0.00
0.00
0.00
0.50
0.00
0.00
0.00
46.50
0.00
0.00
0.00
0.00
0.00
0.00
0.00
9.50
1.70
0.00
2.50
4.50
3.40
0.00
0.00
0.00
0.00
0.00
0.00
0.00
0.00
0.00
0.00
0.00
0.00
0.00
0.00
0.00
0.00
0.00
0.00
0.00
0.00
0.00
0.00
0.00
5.20
2.70
0.00
0.00
1.20
0.00
1.30
6.70
0.00
0.00
0.70
11.50
0.00
0.00
0.00
2.00
0.00
0.00
0.00
0.00
1.50
0.50
0.50
0.50
0.60
0.00
0.00
2.00
0.00
0.00
0.00
0.00
0.00
0.00
0.00
0.00
0.00
0.00
0.00
0.00
0.00
0.00
0.00
0.00
24.30
2.50
0.00
0.00
0.00
0.00
0.00
0.00
0.00
0.00
0.60
2.80
3.20
5.30
0.00
6.90
1.50
0.00
0.00
0.00
0.00
0.00
0.00
0.00
0.00
0.00
0.00
13.50
0.00
2.30
0.30
3.50
0.00
0.00
14.30
0.00
0.00
3.50
0.00
0.00
0.00
0.00
0.00
0.00
0.00
6.50
0.00
0.00
0.00
0.00
0.00
0.00
0.00
0.00
0.00
0.00
0.00
0.00
0.00
0.00
0.00
0.00
0.00
3.00
3.80
1.30
0.00
0.00
1.20
0.00
0.00
0.00
0.00
5.50
0.00
0.00
13.30
0.00
0.00
0.00
0.00
0.00
0.00
0.00
0.00
0.00
18.80
0.00
20.30
0.00
2.50
0.00
0.30
1.20
2.00
0.00
0.00
0.50
0.50
3.50
33.50
0.00
0.00
6.50
4.30
0.00
0.00
0.00
1.50
36.10
2.60
8.40
5.20
0.00
0.00
16.20
12.40
2.90
0.50
24.30
0.00
0.00
0.00
0.00
0.00
4.00
10.50
0.00
26.20
0.00
0.00
0.00
3.50
1.20
30.20
10.50
0.60
0.00
13.50
1.30
0.00
5.30
0.00
2.30
48.50
12.70
3.00
6.30
0.00
26.30
6.50
0.00
0.00
0.00
24.20
2.00
0.00
0.00
2.10
2.70
1.70
0.00
2.70
0.00
0.00
40.50
0.60
5.20
0.70
0.00
0.00